[48;2;255;255;255m[38;2;255;255;255m▄▄▄▄▄▄▄▄▄▄▄▄▄▄▄[48;2;254;255;255m▄[48;2;255;255;255m▄▄▄[48;2;254;255;255m▄▄▄▄[48;2;253;255;255m[38;2;254;255;255m▄▄[38;2;253;255;255m▄[48;2;252;255;255m▄▄▄▄▄[48;2;250;255;255m▄[38;2;252;255;255m▄[48;2;252;255;255m▄▄▄▄▄[48;2;248;255;255m[38;2;248;255;255m▄[48;2;247;255;255m[38;2;249;255;255m▄[38;2;247;255;255m▄[38;2;249;255;255m▄[38;2;248;255;255m▄▄[48;2;246;255;255m[38;2;247;255;255m▄▄[48;2;244;255;255m[38;2;246;255;255m▄[38;2;244;255;255m▄[38;2;246;255;255m▄▄▄[48;2;246;255;255m▄[48;2;244;255;255m▄[38;2;244;255;255m▄[48;2;243;255;255m[38;2;243;255;255m▄[48;2;240;255;255m▄[38;2;241;255;255m▄[48;2;243;255;255m[38;2;244;255;255m▄[38;2;243;255;255m▄▄[48;2;240;255;255m▄[38;2;241;255;255m▄▄[38;2;242;255;255m▄[48;2;241;255;255m▄▄[48;2;238;255;255m▄[48;2;237;255;255m[38;2;240;255;255m▄[38;2;238;255;255m▄[48;2;235;255;255m[38;2;236;255;255m▄[48;2;234;255;255m[38;2;234;255;255m▄[48;2;232;255;255m▄▄[38;2;235;255;255m▄[48;2;231;255;255m[38;2;234;255;255m▄[48;2;230;255;255m[38;2;232;255;255m▄[48;2;231;255;255m[38;2;235;255;255m▄[48;2;230;255;255m[38;2;232;255;255m▄[38;2;231;255;255m▄▄[0m
[48;2;255;255;255m[38;2;255;255;255m▄▄▄▄▄▄▄▄▄▄▄▄▄▄▄▄▄▄▄▄▄▄▄▄▄▄[48;2;254;255;255m▄▄▄▄▄▄[48;2;253;255;255m▄▄[38;2;254;255;255m▄[48;2;252;255;255m[38;2;255;255;255m▄[48;2;254;255;255m▄▄[48;2;253;255;255m[38;2;253;255;255m▄[48;2;252;255;255m▄[48;2;250;255;255m▄▄[48;2;252;255;255m▄▄[48;2;250;255;255m▄[48;2;248;255;255m[38;2;252;255;255m▄[48;2;247;255;255m[38;2;250;255;255m▄▄▄▄[48;2;248;255;255m▄[48;2;246;255;255m▄[38;2;249;255;255m▄▄[48;2;244;255;255m[38;2;247;255;255m▄[38;2;246;255;255m▄[48;2;243;255;255m[38;2;244;255;255m▄[48;2;246;255;255m[38;2;248;255;255m▄[38;2;247;255;255m▄[48;2;244;255;255m[38;2;248;255;255m▄[48;2;243;255;255m[38;2;246;255;255m▄[38;2;244;255;255m▄▄▄[38;2;246;255;255m▄[38;2;244;255;255m▄[48;2;242;255;255m▄[48;2;240;255;255m[38;2;243;255;255m▄[48;2;238;255;255m[38;2;242;255;255m▄[38;2;240;255;255m▄[38;2;241;255;255m▄[48;2;237;255;255m[38;2;240;255;255m▄▄▄[38;2;238;255;255m▄▄[48;2;236;255;255m[38;2;241;255;255m▄[38;2;238;255;255m▄[48;2;232;255;255m▄[48;2;231;255;255m[38;2;236;255;255m▄[0m
[48;2;255;255;255m[38;2;255;255;255m▄▄▄▄▄▄▄▄▄▄▄▄▄▄▄▄▄▄▄▄▄▄▄▄▄▄▄▄▄▄▄▄▄▄▄▄▄▄[48;2;254;255;255m▄▄▄▄▄▄[48;2;253;255;255m▄[38;2;254;255;255m▄▄▄▄▄▄▄▄[48;2;252;255;255m[38;2;253;255;255m▄[48;2;250;255;255m[38;2;250;255;255m▄[48;2;248;255;255m[38;2;249;255;255m▄[48;2;246;255;255m▄[48;2;250;255;255m[38;2;252;255;255m▄▄[48;2;249;255;255m▄[48;2;248;255;255m[38;2;250;255;255m▄[48;2;246;255;255m[38;2;249;255;255m▄[38;2;247;255;255m▄[38;2;248;255;255m▄[38;2;246;255;255m▄▄[48;2;244;255;255m[38;2;244;255;255m▄▄[48;2;243;255;255m▄▄▄▄[48;2;242;255;255m▄[48;2;243;255;255m[38;2;243;255;255m▄[48;2;242;255;255m▄▄▄[48;2;241;255;255m▄▄[48;2;238;255;255m[38;2;242;255;255m▄[0m
[48;2;255;255;255m[38;2;255;255;255m▄▄▄▄▄▄▄▄▄▄▄▄▄▄▄▄▄▄▄▄▄▄▄▄▄▄▄▄▄▄▄▄▄▄▄▄▄▄▄▄▄▄▄▄▄▄▄▄▄▄▄[48;2;254;255;255m▄▄▄[48;2;253;255;255m▄[48;2;250;255;255m▄▄[48;2;253;255;255m▄▄▄[48;2;250;255;255m▄▄▄[48;2;252;255;255m[38;2;254;255;255m▄[48;2;249;255;255m▄[48;2;246;255;255m[38;2;253;255;255m▄[38;2;252;255;255m▄▄[48;2;244;255;255m[38;2;250;255;255m▄[38;2;252;255;255m▄[48;2;246;255;255m[38;2;250;255;255m▄[38;2;247;255;255m▄▄[48;2;244;255;255m[38;2;246;255;255m▄[38;2;244;255;255m▄[38;2;243;255;255m▄[38;2;246;255;255m▄▄▄[48;2;243;255;255m▄[0m
[48;2;255;255;255m[38;2;255;255;255m▄▄▄▄▄▄▄▄▄▄▄▄▄▄▄▄▄▄▄▄▄▄▄▄▄▄▄▄▄▄▄▄▄▄▄▄▄▄▄▄▄▄▄▄▄▄▄▄▄▄▄▄▄▄▄▄▄▄▄▄▄▄▄[48;2;254;255;255m▄▄[48;2;253;255;255m▄▄[48;2;252;255;255m▄▄[48;2;253;255;255m▄[48;2;250;255;255m▄[38;2;254;255;255m▄▄▄[48;2;247;255;255m[38;2;253;255;255m▄▄[48;2;246;255;255m[38;2;250;255;255m▄▄▄▄[0m
[48;2;255;255;255m[38;2;255;255;255m▄▄▄▄▄▄▄▄▄▄▄▄▄▄▄▄▄▄▄▄▄▄▄▄▄▄▄▄▄▄▄▄▄▄▄▄▄▄▄▄▄▄▄▄▄▄▄▄▄▄▄▄▄▄▄▄▄▄▄▄▄▄▄▄▄▄▄▄▄▄▄▄▄▄[48;2;254;255;255m▄▄[48;2;253;255;255m[38;2;254;255;255m▄▄▄[48;2;252;255;255m▄[0m
[48;2;255;255;255m[38;2;255;255;255m▄▄▄▄▄▄▄▄▄▄▄▄▄▄▄▄▄▄▄▄▄▄▄▄▄▄▄▄▄▄▄▄▄▄▄▄▄▄▄▄▄▄▄▄▄▄▄▄▄▄▄▄▄▄▄▄▄▄▄▄▄▄▄▄▄▄▄▄▄▄▄▄▄▄▄[38;2;254;255;255m▄[38;2;255;255;255m▄▄▄▄[0m
[48;2;255;255;255m[38;2;255;255;255m▄▄▄▄▄▄▄▄▄▄▄▄▄▄▄▄▄▄▄▄▄▄▄▄▄▄▄▄▄▄▄▄▄▄▄▄▄▄▄▄▄▄▄▄▄▄▄▄▄▄▄▄▄▄▄▄▄▄▄▄▄▄▄▄▄▄▄▄▄▄▄▄▄▄▄▄▄▄▄▄[0m
[48;2;255;255;255m[38;2;255;255;255m▄▄▄▄▄▄▄▄▄▄▄▄▄▄▄▄▄▄▄▄▄▄▄▄▄▄▄▄▄▄▄▄▄▄▄▄▄▄▄▄▄▄▄▄▄▄▄▄▄▄▄▄▄▄▄▄▄▄▄▄▄▄▄▄▄▄▄▄▄▄▄▄▄▄▄▄▄▄▄▄[0m
[48;2;255;255;255m[38;2;255;255;255m▄▄▄▄▄▄▄▄▄▄▄▄▄▄▄▄▄▄▄▄▄▄▄▄▄▄▄▄▄▄▄▄▄▄▄▄▄▄▄▄▄▄▄▄▄▄▄▄▄▄▄▄▄▄▄▄▄▄▄▄▄▄▄▄▄▄▄▄▄▄▄▄▄[38;2;255;255;252m▄[38;2;207;212;204m▄[38;2;168;172;164m▄[38;2;130;130;127m▄[38;2;103;103;99m▄[38;2;94;94;91m▄[38;2;108;109;102m▄[0m
[48;2;255;255;255m[38;2;255;255;255m▄▄▄▄▄▄▄▄▄▄▄▄▄▄▄▄▄▄▄▄▄▄▄▄▄▄▄▄▄▄▄▄▄▄▄▄▄▄▄▄▄▄▄▄▄▄▄▄▄▄▄▄▄▄▄▄▄▄▄▄▄▄▄▄▄▄▄▄[38;2;244;232;225m▄[38;2;151;138;128m▄[38;2;123;114;102m▄[48;2;255;253;246m[38;2;91;81;67m▄[48;2;198;194;184m[38;2;61;49;38m▄[48;2;123;121;111m[38;2;61;51;39m▄[48;2;75;73;66m[38;2;46;39;30m▄[48;2;55;52;45m[38;2;62;60;50m▄[48;2;39;37;33m[38;2;169;169;165m▄[48;2;104;102;98m[38;2;255;255;252m▄[48;2;184;184;178m[38;2;255;255;255m▄[48;2;216;213;206m▄[0m
[48;2;255;255;255m[38;2;255;255;255m▄▄▄▄▄▄▄▄▄▄▄▄▄▄▄▄▄▄▄▄▄▄▄▄▄▄▄▄▄▄▄▄▄▄▄▄▄▄▄▄▄▄▄▄▄▄▄▄▄▄▄▄▄▄▄▄▄▄▄▄▄▄▄[38;2;255;255;252m▄[38;2;226;229;217m▄[38;2;165;162;148m▄[48;2;248;248;237m[38;2;105;98;82m▄[48;2;193;186;172m[38;2;75;63;49m▄[48;2;104;87;78m[38;2;73;56;43m▄[48;2;82;66;54m[38;2;80;61;45m▄[48;2;81;68;52m[38;2;84;63;45m▄[48;2;75;58;43m[38;2;85;68;51m▄[48;2;64;51;36m[38;2;124;112;98m▄[48;2;76;64;54m[38;2;229;222;213m▄[48;2;153;150;142m[38;2;255;255;255m▄[48;2;249;249;246m▄[48;2;255;255;255m▄▄▄▄[0m
[48;2;255;255;255m[38;2;255;255;255m▄▄▄▄▄▄▄▄▄▄▄▄▄▄▄▄▄▄▄▄▄▄▄▄▄▄▄▄▄▄▄▄▄▄▄▄▄▄▄▄▄▄▄▄▄▄▄▄▄▄▄▄▄▄▄▄▄▄▄[38;2;231;225;217m▄[38;2;186;182;172m▄[48;2;253;250;241m[38;2;135;129;120m▄[48;2;212;208;201m[38;2;91;84;72m▄[48;2;148;145;135m[38;2;67;57;43m▄[48;2;87;84;68m[38;2;63;51;38m▄[48;2;54;46;27m[38;2;67;48;30m▄[48;2;54;39;20m[38;2;70;46;30m▄[48;2;63;46;27m[38;2;72;52;33m▄[48;2;67;50;33m[38;2;72;57;37m▄[48;2;78;58;40m[38;2;78;62;45m▄[48;2;86;66;48m[38;2;134;121;105m▄[48;2;151;135;118m[38;2;248;238;226m▄[48;2;255;252;237m[38;2;255;255;255m▄[48;2;255;255;255m▄▄▄▄▄▄▄[0m
[48;2;255;255;255m[38;2;255;255;255m▄▄▄▄▄▄▄▄▄▄▄▄▄▄▄▄▄▄▄▄▄▄▄▄▄▄▄▄▄▄▄[38;2;253;255;255m▄[38;2;250;255;255m▄[38;2;253;255;255m▄[38;2;254;255;255m▄[38;2;255;255;255m▄▄▄▄▄▄▄[38;2;254;255;255m▄[38;2;252;255;255m▄[38;2;250;255;255m▄▄▄[48;2;253;255;255m[38;2;248;255;255m▄[48;2;252;255;255m[38;2;249;255;255m▄[48;2;255;255;255m[38;2;247;255;255m▄[38;2;250;255;255m▄[38;2;252;255;255m▄[38;2;255;255;255m▄▄[38;2;242;240;234m▄[38;2;200;195;190m▄[38;2;170;160;159m▄[48;2;223;214;210m[38;2;134;117;112m▄[48;2;154;145;140m[38;2;76;61;55m▄[48;2;96;88;80m[38;2;63;48;39m▄[48;2;74;64;52m[38;2;64;48;38m▄[48;2;66;54;40m[38;2;54;37;25m▄[48;2;63;50;37m[38;2;61;42;27m▄[48;2;66;50;37m[38;2;67;46;32m▄[48;2;69;48;37m[38;2;69;43;33m▄[48;2;78;49;33m[38;2;80;44;32m▄[48;2;78;48;30m[38;2;84;48;34m▄[48;2;76;56;37m[38;2;78;54;37m▄[48;2;69;58;39m[38;2;80;73;54m▄[48;2;108;102;82m[38;2;223;223;205m▄[48;2;231;234;219m[38;2;255;255;255m▄[48;2;255;255;255m▄▄▄▄[38;2;255;255;250m▄[38;2;255;255;253m▄[38;2;255;255;255m▄[38;2;255;255;254m▄[38;2;255;255;255m▄[0m
[48;2;255;255;255m[38;2;255;255;255m▄▄▄▄▄▄▄▄▄▄▄▄▄▄▄▄▄▄▄▄▄▄▄▄[38;2;254;255;255m▄[38;2;255;255;255m▄▄▄▄▄▄▄[48;2;252;255;255m▄▄[48;2;253;255;255m▄▄▄▄[48;2;252;255;255m▄[48;2;254;255;255m▄[48;2;253;255;255m▄[38;2;254;255;255m▄[48;2;252;255;255m[38;2;253;255;255m▄[48;2;250;255;255m[38;2;254;255;255m▄▄[48;2;252;255;255m[38;2;255;255;255m▄[48;2;253;255;255m[38;2;253;255;255m▄[48;2;252;255;255m[38;2;250;255;255m▄[48;2;248;255;255m[38;2;248;255;255m▄[48;2;242;255;255m[38;2;247;255;255m▄[48;2;241;255;255m[38;2;249;255;255m▄[48;2;247;255;255m[38;2;255;255;250m▄[48;2;255;255;248m[38;2;255;255;234m▄[48;2;211;219;190m[38;2;240;230;200m▄[48;2;117;111;92m[38;2;207;188;162m▄[48;2;93;90;80m[38;2;141;124;108m▄[48;2;96;91;86m[38;2;79;63;51m▄[48;2;68;51;38m[38;2;63;39;26m▄[48;2;64;40;27m[38;2;68;42;26m▄[48;2;55;31;18m[38;2;63;33;19m▄[48;2;50;24;12m[38;2;66;36;21m▄[48;2;34;9;0m[38;2;54;32;21m▄[48;2;46;20;14m[38;2;38;25;12m▄[48;2;51;30;20m[38;2;21;8;0m▄[48;2;63;38;28m[38;2;36;16;1m▄[48;2;82;44;32m[38;2;68;43;27m▄[48;2;84;44;34m[38;2;78;54;39m▄[48;2;84;58;45m[38;2;157;151;138m▄[48;2;198;194;182m[38;2;255;255;255m▄[48;2;255;255;255m▄[38;2;254;255;255m▄[38;2;253;255;255m▄[38;2;252;255;254m▄[38;2;248;255;250m▄[48;2;255;255;253m[38;2;252;255;247m▄[48;2;255;255;249m[38;2;250;255;247m▄[48;2;255;255;248m[38;2;249;255;244m▄[48;2;255;255;247m▄[48;2;255;255;246m▄[48;2;255;255;247m[38;2;247;255;243m▄[0m
[48;2;255;255;255m[38;2;192;207;195m▄[38;2;190;201;192m▄[38;2;208;218;211m▄[38;2;230;238;235m▄[38;2;244;254;247m▄[38;2;249;255;255m▄[38;2;255;255;255m▄▄▄▄▄▄▄▄▄▄▄▄▄▄[38;2;254;255;255m▄[38;2;252;255;255m▄[38;2;250;255;255m▄[48;2;254;255;255m▄[48;2;252;255;255m[38;2;249;255;255m▄[48;2;254;255;255m▄[48;2;255;255;255m▄▄▄[38;2;248;255;255m▄[48;2;254;255;255m▄▄▄▄[48;2;255;255;255m[38;2;250;255;255m▄[48;2;254;255;255m▄▄▄[48;2;253;255;255m[38;2;248;255;255m▄[48;2;254;255;255m[38;2;247;255;255m▄[38;2;248;255;255m▄[48;2;253;255;255m▄[48;2;252;255;255m[38;2;250;255;255m▄[38;2;248;255;255m▄[48;2;254;255;254m[38;2;247;255;250m▄[48;2;253;255;255m[38;2;247;255;255m▄[48;2;248;255;255m[38;2;237;255;255m▄[48;2;243;255;255m[38;2;236;255;255m▄[48;2;246;255;255m[38;2;246;255;254m▄[48;2;252;255;254m[38;2;255;255;253m▄[48;2;255;255;249m[38;2;222;224;199m▄[48;2;234;235;205m[38;2;121;103;73m▄[48;2;145;132;99m[38;2;80;45;13m▄[48;2;124;92;56m[38;2;100;51;13m▄[48;2;194;156;124m[38;2;105;48;13m▄[48;2;206;171;144m[38;2;105;51;15m▄[48;2;200;169;146m[38;2;111;67;34m▄[48;2;123;94;78m[38;2;124;90;62m▄[48;2;86;49;32m[38;2;96;51;26m▄[48;2;82;38;24m[38;2;98;40;20m▄[48;2;88;46;31m[38;2;106;49;28m▄[48;2;56;28;9m[38;2;79;37;15m▄[48;2;37;26;7m[38;2;48;26;1m▄[48;2;28;18;0m[38;2;44;27;8m▄[48;2;25;10;0m[38;2;24;12;0m▄[48;2;58;51;36m[38;2;70;76;60m▄[48;2;120;123;106m[38;2;192;213;194m▄[48;2;229;246;226m[38;2;243;255;255m▄[48;2;250;255;255m▄[48;2;247;255;255m▄[48;2;250;255;255m[38;2;246;255;253m▄[48;2;247;255;253m[38;2;242;255;247m▄[48;2;243;255;247m[38;2;238;255;246m▄[48;2;243;255;246m▄[48;2;242;255;246m▄[48;2;243;255;246m[38;2;237;255;247m▄[48;2;240;255;246m[38;2;235;255;248m▄[48;2;237;255;246m[38;2;232;255;248m▄[48;2;236;255;246m[38;2;231;255;248m▄▄[0m
[48;2;67;67;51m[38;2;60;15;0m▄[48;2;68;64;49m[38;2;66;24;0m▄[48;2;93;87;70m[38;2;70;32;3m▄[48;2;121;115;96m[38;2;70;36;7m▄[48;2;139;134;111m[38;2;64;38;7m▄[48;2;147;146;118m[38;2;61;42;8m▄[48;2;148;152;133m[38;2;60;46;14m▄[48;2;153;163;145m[38;2;63;54;24m▄[48;2;160;174;158m[38;2;62;56;32m▄[48;2;174;189;174m[38;2;63;62;38m▄[48;2;194;213;200m[38;2;70;74;55m▄[48;2;216;240;225m[38;2;84;90;74m▄[48;2;237;255;250m[38;2;106;118;104m▄[48;2;246;255;255m[38;2;129;145;136m▄[48;2;247;255;255m[38;2;141;159;151m▄[48;2;243;255;255m[38;2;157;170;165m▄[48;2;242;255;255m[38;2;164;178;170m▄[48;2;240;255;255m[38;2;156;166;160m▄[48;2;243;255;255m[38;2;141;152;145m▄[48;2;246;255;255m[38;2;133;148;144m▄[48;2;252;255;255m[38;2;224;242;238m▄[48;2;246;255;255m[38;2;244;255;255m▄▄[48;2;247;255;255m[38;2;243;255;255m▄[38;2;242;255;255m▄[38;2;244;255;255m▄[48;2;248;255;255m[38;2;246;255;255m▄[48;2;247;255;255m[38;2;244;255;255m▄▄▄▄[38;2;243;255;254m▄[48;2;246;255;255m[38;2;240;255;255m▄▄[48;2;244;255;255m▄[38;2;238;255;255m▄[48;2;243;255;255m[38;2;237;255;254m▄▄[48;2;242;255;252m[38;2;238;255;254m▄[48;2;243;255;254m▄[48;2;243;255;255m[38;2;238;255;255m▄▄[38;2;235;255;255m▄[48;2;244;255;255m[38;2;226;255;249m▄[48;2;241;255;255m[38;2;192;226;218m▄[48;2;217;252;243m[38;2;147;178;180m▄[48;2;172;205;205m[38;2;111;128;134m▄[48;2;188;217;206m[38;2;174;183;169m▄[48;2;246;255;238m[38;2;223;218;183m▄[48;2;235;237;212m[38;2;128;106;76m▄[48;2;109;94;74m[38;2;63;34;12m▄[48;2;52;24;0m[38;2;55;22;0m▄[48;2;90;45;13m[38;2;91;43;14m▄[48;2;110;51;16m[38;2;102;39;9m▄[48;2;112;45;10m[38;2;111;43;12m▄[48;2;126;62;28m[38;2;121;57;27m▄[48;2;118;64;30m[38;2;111;57;25m▄[48;2;97;56;24m[38;2;103;55;24m▄[48;2;103;52;22m[38;2;98;52;21m▄[48;2;106;46;18m[38;2;100;56;28m▄[48;2;110;52;27m[38;2;91;58;33m▄[48;2;90;46;22m[38;2;114;96;73m▄[48;2;62;34;10m[38;2;148;147;126m▄[48;2;60;45;28m[38;2;165;171;156m▄[48;2;24;20;8m[38;2;108;121;108m▄[48;2;122;135;122m[38;2;183;208;195m▄[48;2;237;255;250m[38;2;237;255;255m▄[48;2;240;255;255m[38;2;234;255;255m▄[38;2;237;255;253m▄[48;2;241;255;254m[38;2;237;255;247m▄[48;2;238;255;247m[38;2;231;255;243m▄[48;2;235;255;244m[38;2;228;255;241m▄[48;2;232;255;243m[38;2;225;254;241m▄[38;2;226;255;242m▄[48;2;232;255;246m[38;2;224;255;243m▄[48;2;234;255;247m[38;2;226;255;246m▄[48;2;232;255;250m▄[48;2;230;255;248m▄[48;2;229;255;248m[38;2;224;255;246m▄[48;2;229;255;247m[38;2;223;255;246m▄[0m
[48;2;144;60;16m[38;2;108;49;10m▄[48;2;142;62;21m[38;2;84;30;0m▄[48;2;133;62;25m[38;2;62;14;0m▄[48;2;114;55;21m[38;2;51;9;0m▄[48;2;86;44;12m[38;2;54;13;0m▄[48;2;72;39;7m[38;2;74;30;0m▄[48;2;62;33;0m[38;2;84;46;1m▄[48;2;55;24;0m[38;2;97;55;12m▄[48;2;48;19;0m[38;2;111;57;22m▄[48;2;42;19;0m[38;2;103;55;26m▄[48;2;38;20;0m[38;2;70;36;8m▄[48;2;40;26;9m[38;2;55;22;4m▄[48;2;33;27;12m[38;2;42;13;0m▄[48;2;28;31;19m[38;2;22;15;0m▄[48;2;33;33;26m[38;2;25;6;0m▄[48;2;40;38;32m[38;2;31;9;0m▄[48;2;51;48;40m[38;2;27;16;0m▄[48;2;70;68;61m[38;2;10;12;0m▄[48;2;84;85;78m[38;2;36;42;21m▄[48;2;69;78;75m[38;2;61;72;61m▄[48;2;116;127;126m[38;2;27;38;34m▄[48;2;223;241;235m[38;2;86;100;100m▄[48;2;244;255;255m[38;2;211;230;230m▄[48;2;240;255;255m[38;2;235;255;255m▄[48;2;237;255;255m[38;2;235;255;250m▄[48;2;240;255;253m[38;2;232;255;246m▄[48;2;242;255;254m[38;2;231;255;247m▄[48;2;241;255;253m[38;2;230;255;246m▄[48;2;240;255;253m[38;2;232;255;246m▄[48;2;241;255;253m[38;2;234;255;247m▄[48;2;242;255;254m[38;2;235;255;248m▄[48;2;240;255;253m[38;2;234;255;249m▄[48;2;235;255;253m▄▄[48;2;234;255;252m[38;2;232;255;248m▄▄▄▄[38;2;232;255;249m▄[48;2;234;255;253m[38;2;229;255;253m▄[48;2;235;255;255m[38;2;226;255;255m▄[38;2;223;255;246m▄[48;2;190;228;219m[38;2;122;160;147m▄[48;2;136;170;165m[38;2;110;139;140m▄[48;2;115;146;140m[38;2;165;184;165m▄[48;2;116;135;139m[38;2;236;242;222m▄[48;2;204;204;206m[38;2;183;169;141m▄[48;2;210;192;163m[38;2;136;91;31m▄[48;2;121;88;40m[38;2;110;45;0m▄[48;2;91;48;8m[38;2;87;33;0m▄[48;2;55;14;0m[38;2;36;3;0m▄[48;2;63;28;0m[38;2;84;43;18m▄[48;2;96;48;21m[38;2;106;55;32m▄[48;2;96;34;12m[38;2;98;40;18m▄[48;2;106;42;16m[38;2;93;48;20m▄[48;2;109;49;22m[38;2;96;55;28m▄[48;2;110;56;30m[38;2;96;52;28m▄[48;2;98;50;27m[38;2;99;80;62m▄[48;2;86;52;27m[38;2;166;181;157m▄[48;2;106;88;63m[38;2;208;249;224m▄[48;2;183;187;166m[38;2;226;255;253m▄[48;2;220;242;223m[38;2;230;255;255m▄[48;2;225;255;241m[38;2;231;255;252m▄[48;2;232;255;252m[38;2;232;255;254m▄[48;2;222;250;240m[38;2;231;255;255m▄[48;2;228;255;250m[38;2;228;255;255m▄[48;2;231;255;255m[38;2;225;255;254m▄[48;2;230;255;255m▄[48;2;231;255;248m[38;2;228;255;250m▄[48;2;230;255;243m[38;2;224;255;243m▄[48;2;224;254;241m[38;2;220;255;243m▄[48;2;224;253;240m▄[48;2;224;254;241m[38;2;219;255;244m▄[48;2;222;254;243m[38;2;218;255;247m▄[48;2;220;255;243m▄▄[48;2;219;255;244m[38;2;217;255;246m▄▄[48;2;218;255;244m[38;2;217;255;247m▄[38;2;217;255;249m▄[0m
[48;2;43;8;0m[38;2;127;52;0m▄[48;2;51;13;0m[38;2;132;49;0m▄[48;2;64;20;0m[38;2;126;34;0m▄[48;2;70;15;0m[38;2;134;38;0m▄[48;2;81;14;0m[38;2;141;39;0m▄[48;2;91;16;0m[38;2;148;46;0m▄[48;2;93;14;0m[38;2;138;38;0m▄[48;2;96;10;0m[38;2;122;32;0m▄[48;2;94;14;0m[38;2;103;26;0m▄[48;2;85;26;0m[38;2;100;18;0m▄[48;2;67;28;0m[38;2;102;16;0m▄[48;2;56;12;0m[38;2;100;37;8m▄[48;2;52;9;0m[38;2;81;37;6m▄[48;2;48;20;0m[38;2;61;22;0m▄[48;2;56;27;8m[38;2;48;19;0m▄[48;2;55;30;13m[38;2;80;70;38m▄[48;2;68;64;36m[38;2;208;218;182m▄[48;2;168;178;150m[38;2;240;255;234m▄[48;2;228;247;223m[38;2;232;255;246m▄[48;2;236;255;241m[38;2;230;255;246m▄[48;2;187;210;202m[38;2;231;255;252m▄[48;2;69;93;92m[38;2;220;255;247m▄[48;2;30;54;52m[38;2;127;165;156m▄[48;2;204;234;224m[38;2;60;90;76m▄[48;2;230;255;249m[38;2;195;235;216m▄[48;2;226;255;242m[38;2;220;255;242m▄[48;2;225;255;242m[38;2;213;255;240m▄[48;2;226;255;246m[38;2;214;255;241m▄[38;2;214;255;243m▄[48;2;225;255;244m[38;2;216;255;246m▄[48;2;224;255;246m[38;2;213;255;246m▄[48;2;223;255;247m[38;2;207;255;241m▄[48;2;222;255;244m[38;2;204;253;236m▄[48;2;224;255;247m[38;2;207;255;240m▄[48;2;226;255;246m[38;2;217;255;247m▄[48;2;230;255;249m[38;2;224;255;253m▄[48;2;231;255;249m[38;2;228;255;253m▄[48;2;230;255;249m[38;2;226;255;252m▄[48;2;226;255;247m[38;2;223;255;249m▄[48;2;230;255;247m[38;2;236;255;237m▄[48;2;237;255;241m[38;2;255;255;226m▄[48;2;229;252;218m[38;2;201;198;153m▄[48;2;214;230;199m[38;2;254;247;205m▄[48;2;243;249;230m[38;2;205;189;152m▄[48;2;231;223;193m[38;2;118;87;51m▄[48;2;117;94;66m[38;2;132;79;45m▄[48;2;115;74;40m[38;2;111;45;9m▄[48;2;109;54;1m[38;2;120;56;20m▄[48;2;100;42;1m[38;2;66;13;0m▄[48;2;58;8;0m[38;2;62;15;0m▄[48;2;72;33;2m[38;2;103;55;28m▄[48;2;102;54;25m[38;2;106;56;24m▄[48;2;106;61;26m[38;2;108;63;28m▄[48;2;112;60;26m[38;2;96;60;28m▄[48;2;105;54;27m[38;2;118;93;76m▄[48;2;97;67;45m[38;2;204;207;198m▄[48;2;158;152;135m[38;2;230;255;255m▄[48;2;236;243;230m[38;2;228;255;253m▄[48;2;230;255;242m[38;2;223;255;247m▄[48;2;218;255;247m[38;2;222;255;247m▄[48;2;219;255;255m[38;2;222;255;254m▄[48;2;224;255;255m[38;2;224;255;255m▄[48;2;225;255;253m[38;2;220;255;253m▄[48;2;225;255;250m[38;2;220;255;247m▄[48;2;226;255;252m[38;2;222;255;247m▄[48;2;220;255;249m[38;2;218;255;246m▄[48;2;217;255;249m[38;2;217;255;246m▄[48;2;218;255;249m[38;2;218;255;243m▄[48;2;222;255;244m[38;2;220;255;242m▄[48;2;220;255;240m[38;2;219;255;240m▄[48;2;222;255;241m[38;2;222;255;240m▄[48;2;218;255;242m▄[48;2;218;255;243m[38;2;222;255;241m▄[48;2;219;255;244m[38;2;222;255;243m▄[48;2;218;255;247m[38;2;219;255;244m▄▄[38;2;219;255;243m▄[48;2;216;255;249m[38;2;220;255;247m▄[48;2;217;255;252m[38;2;218;255;250m▄[48;2;217;253;252m[38;2;218;253;252m▄[0m
[48;2;163;52;0m[38;2;168;68;3m▄[48;2;162;50;0m[38;2;158;62;0m▄[48;2;159;50;0m[38;2;139;49;0m▄[48;2;148;44;0m[38;2;116;33;0m▄[48;2;127;34;0m[38;2;88;14;0m▄[48;2;110;27;0m[38;2;80;13;0m▄[48;2;91;8;0m[38;2;99;20;0m▄[48;2;105;13;0m[38;2;132;33;0m▄[48;2;132;32;0m[38;2;128;31;2m▄[48;2;139;43;8m[38;2;75;18;0m▄[48;2;105;33;3m[38;2;28;14;0m▄[48;2;63;22;0m[38;2;25;6;0m▄[48;2;43;10;0m[38;2;46;4;0m▄[48;2;44;6;0m[38;2;82;45;25m▄[48;2;80;69;42m[38;2;184;189;166m▄[48;2;211;230;195m[38;2;222;255;240m▄[48;2;236;255;228m[38;2;218;255;240m▄[48;2;229;255;236m[38;2;218;255;242m▄[48;2;225;255;249m[38;2;219;255;246m▄[48;2;224;255;246m[38;2;219;255;243m▄[38;2;220;255;243m▄[48;2;219;255;244m[38;2;218;255;241m▄[48;2;220;255;246m[38;2;217;255;240m▄[48;2;180;219;200m[38;2;216;254;237m▄[48;2;146;184;164m[38;2;212;250;234m▄[48;2;212;255;241m[38;2;211;255;242m▄[48;2;208;255;242m[38;2;205;255;243m▄[48;2;205;255;242m[38;2;204;254;242m▄[48;2;206;255;243m[38;2;204;255;244m▄[48;2;205;255;244m[38;2;201;255;246m▄[48;2;205;255;247m[38;2;200;255;247m▄[48;2;200;254;240m[38;2;198;254;242m▄[48;2;198;254;240m[38;2;196;254;241m▄[48;2;199;252;241m[38;2;195;252;242m▄[48;2;202;253;243m[38;2;198;248;244m▄[48;2;210;255;248m[38;2;201;249;243m▄[48;2;218;255;249m[38;2;205;252;242m▄[48;2;220;255;249m[38;2;207;253;236m▄[48;2;222;255;241m[38;2;218;250;224m▄[48;2;247;255;230m[38;2;241;243;200m▄[48;2;255;255;216m[38;2;255;237;199m▄[48;2;207;188;154m[38;2;154;138;124m▄[48;2;140;127;98m[38;2;73;67;67m▄[48;2;86;67;38m[38;2;78;68;58m▄[48;2;99;63;32m[38;2;76;44;22m▄[48;2;98;34;1m[38;2;127;69;31m▄[48;2;136;61;21m[38;2;106;39;0m▄[48;2;91;27;0m[38;2;69;8;0m▄[48;2;56;8;0m[38;2;75;27;1m▄[48;2;88;40;21m[38;2;102;56;27m▄[48;2;110;56;24m[38;2;106;62;37m▄[48;2;106;64;38m[38;2;93;76;70m▄[48;2;98;64;54m[38;2;85;100;120m▄[48;2;82;81;82m[38;2;78;126;168m▄[48;2;134;166;174m[38;2;67;134;180m▄[48;2;190;237;248m[38;2;85;151;189m▄[48;2;201;248;255m[38;2;110;170;194m▄[48;2;212;255;255m[38;2;134;192;207m▄[48;2;222;255;253m[38;2;200;244;247m▄[48;2;229;255;248m[38;2;232;255;250m▄[38;2;234;255;247m▄[48;2;228;255;250m[38;2;234;255;249m▄[48;2;224;255;249m[38;2;231;255;250m▄[48;2;224;255;247m[38;2;229;255;250m▄[38;2;230;254;253m▄[48;2;223;255;248m[38;2;229;255;252m▄[48;2;220;255;246m[38;2;226;255;249m▄[48;2;222;255;243m[38;2;226;254;246m▄[48;2;222;255;241m[38;2;225;253;247m▄[48;2;224;253;240m[38;2;225;253;243m▄[48;2;225;254;238m[38;2;225;255;241m▄[48;2;225;254;241m▄[48;2;223;255;241m[38;2;223;255;242m▄[38;2;224;255;246m▄[48;2;223;255;244m[38;2;223;255;246m▄[48;2;219;255;244m▄[48;2;222;255;238m[38;2;219;255;244m▄[48;2;222;255;241m[38;2;219;255;246m▄[48;2;219;255;244m[38;2;219;255;247m▄[48;2;218;255;249m[38;2;218;255;248m▄[0m
[48;2;165;70;15m[38;2;138;44;3m▄[48;2;141;54;3m[38;2;94;14;0m▄[48;2;108;25;0m[38;2;75;2;0m▄[48;2;94;15;0m[38;2;82;12;0m▄[48;2;97;12;0m[38;2;92;13;0m▄[48;2;96;8;0m[38;2;102;19;0m▄[48;2;103;18;0m[38;2;92;15;0m▄[48;2;92;21;0m[38;2;55;3;0m▄[48;2;50;8;0m[38;2;27;2;0m▄[48;2;25;7;0m[38;2;22;7;0m▄[48;2;24;6;0m[38;2;37;4;0m▄[48;2;55;4;0m[38;2;82;20;0m▄[48;2;99;25;3m[38;2;126;36;0m▄[48;2;158;104;73m[38;2;165;86;42m▄[48;2;222;226;202m[38;2;219;207;175m▄[48;2;204;255;240m[38;2;201;246;231m▄[48;2;201;255;243m[38;2;189;250;244m▄[48;2;201;255;242m[38;2;189;249;243m▄[48;2;204;255;242m[38;2;189;249;240m▄[48;2;212;255;241m[38;2;201;249;237m▄[48;2;214;255;242m[38;2;204;252;238m▄[48;2;216;255;241m[38;2;207;255;240m▄[38;2;210;255;241m▄[48;2;213;255;240m[38;2;208;255;241m▄[48;2;216;255;243m[38;2;211;255;247m▄[48;2;212;255;246m[38;2;211;255;246m▄[48;2;211;255;243m[38;2;214;254;244m▄[48;2;207;254;242m[38;2;211;255;243m▄[48;2;205;255;246m[38;2;207;255;243m▄[48;2;204;255;246m[38;2;204;255;246m▄[48;2;202;255;246m▄[48;2;200;253;243m[38;2;201;253;243m▄[48;2;200;254;240m[38;2;202;252;238m▄[48;2;199;250;243m[38;2;200;250;243m▄[48;2;199;249;247m[38;2;199;250;248m▄[48;2;199;249;243m[38;2;199;249;243m▄[48;2;199;250;237m[38;2;198;248;236m▄[48;2;200;248;228m[38;2;207;253;228m▄[48;2;230;250;214m[38;2;252;255;217m▄[48;2;241;231;180m[38;2;255;244;184m▄[48;2;238;213;175m[38;2;210;183;145m▄[48;2;132;116;118m[38;2;116;106;110m▄[48;2;68;66;84m[38;2;61;62;81m▄[48;2;52;48;43m[38;2;64;51;42m▄[48;2;85;51;30m[38;2;96;54;27m▄[48;2;114;62;21m[38;2;78;31;0m▄[48;2;78;24;0m[38;2;63;15;0m▄[48;2;76;19;0m[38;2;97;42;18m▄[48;2;97;49;20m[38;2;104;62;39m▄[48;2;96;63;40m[38;2;97;87;80m▄[48;2;92;79;84m[38;2;92;118;156m▄[48;2;87;110;139m[38;2;69;129;187m▄[48;2;74;127;171m[38;2;68;130;192m▄[48;2;60;133;192m[38;2;68;127;193m▄[48;2;62;129;198m[38;2;64;128;193m▄[48;2;66;128;186m[38;2;63;127;189m▄[48;2;62;128;171m[38;2;68;127;190m▄[48;2;69;128;169m[38;2;68;132;193m▄[48;2;138;181;205m[38;2;93;142;184m▄[48;2;218;250;253m[38;2;170;208;225m▄[48;2;228;255;253m[38;2;202;247;247m▄[38;2;201;247;246m▄[48;2;229;255;254m[38;2;207;242;244m▄[38;2;210;242;246m▄[48;2;226;255;255m[38;2;205;241;243m▄[38;2;205;241;241m▄[48;2;224;255;252m[38;2;204;240;240m▄[38;2;204;238;241m▄[48;2;225;254;250m[38;2;204;238;237m▄[48;2;225;254;248m[38;2;204;241;235m▄[48;2;225;255;247m[38;2;208;243;234m▄[48;2;225;255;248m[38;2;208;246;236m▄[38;2;208;246;237m▄[38;2;206;247;240m▄[48;2;223;255;252m[38;2;205;246;240m▄[38;2;195;237;234m▄[48;2;213;255;252m[38;2;172;222;230m▄[48;2;201;246;242m[38;2;160;210;219m▄[48;2;196;237;235m[38;2;162;206;216m▄[48;2;188;229;226m[38;2;157;195;204m▄[0m
[48;2;97;20;0m[38;2;94;9;0m▄[48;2;70;2;0m[38;2;102;12;0m▄[48;2;90;9;0m[38;2;142;30;0m▄[48;2;138;30;0m[38;2;154;15;0m▄[48;2;122;15;0m[38;2;146;13;0m▄[48;2;90;16;0m[38;2;98;8;0m▄[48;2;52;2;0m[38;2;61;0;0m▄[48;2;24;0;0m[38;2;30;0;0m▄[48;2;16;4;0m[38;2;19;3;0m▄[48;2;26;1;0m[38;2;22;0;0m▄[48;2;37;2;0m[38;2;25;6;0m▄[48;2;63;12;0m[38;2;37;15;0m▄[48;2;96;15;0m[38;2;73;25;0m▄[48;2;121;19;0m[38;2;110;24;0m▄[48;2;146;68;36m[38;2;139;14;0m▄[48;2;202;187;170m[38;2;121;22;0m▄[48;2;199;246;236m[38;2;158;139;92m▄[48;2;182;247;246m[38;2;193;228;205m▄[48;2;193;244;241m[38;2;189;237;243m▄[48;2;193;244;242m[38;2;177;246;246m▄[48;2;189;250;241m[38;2;182;246;246m▄[48;2;190;250;237m[38;2;187;244;244m▄[48;2;201;249;237m[38;2;183;247;241m▄[48;2;205;252;242m[38;2;186;247;240m▄[48;2;205;255;249m[38;2;204;246;242m▄[48;2;211;253;250m[38;2;206;248;244m▄[48;2;213;254;248m[38;2;207;250;246m▄[48;2;206;255;247m[38;2;205;253;243m▄[48;2;205;255;243m[38;2;206;254;241m▄[48;2;201;255;242m[38;2;205;254;238m▄[48;2;202;254;241m[38;2;200;252;242m▄[48;2;201;253;242m[38;2;200;253;242m▄[48;2;202;252;238m[38;2;198;254;240m▄[48;2;199;250;243m[38;2;199;250;241m▄[48;2;196;250;253m[38;2;200;247;241m▄[48;2;198;248;248m[38;2;208;247;237m▄[48;2;213;248;232m[38;2;241;255;229m▄[48;2;247;255;225m[38;2;255;249;206m▄[48;2;255;243;182m[38;2;255;238;184m▄[48;2;255;237;183m[38;2;249;219;178m▄[48;2;169;152;135m[38;2;130;117;110m▄[48;2;91;98;116m[38;2;66;74;99m▄[48;2;61;68;90m[38;2;58;67;90m▄[48;2;69;54;45m[38;2;72;56;50m▄[48;2;72;40;18m[38;2;52;24;8m▄[48;2;36;13;0m[38;2;39;7;0m▄[48;2;79;25;0m[38;2;102;43;6m▄[48;2;122;49;26m[38;2;122;73;67m▄[48;2;99;86;91m[38;2;102;127;163m▄[48;2;85;133;166m[38;2;73;142;195m▄[48;2;79;133;188m[38;2;76;132;189m▄[48;2;69;133;195m[38;2;69;133;192m▄[48;2;68;132;190m[38;2;68;132;187m▄[48;2;70;130;186m[38;2;67;132;183m▄[48;2;64;129;181m[38;2;66;130;184m▄[48;2;64;129;186m[38;2;64;128;187m▄[48;2;68;126;190m[38;2;64;128;195m▄[48;2;76;133;200m[38;2;73;133;204m▄[48;2;80;132;187m[38;2;76;134;201m▄[48;2;93;142;184m[38;2;75;133;194m▄[48;2;148;200;226m[38;2;64;122;170m▄[48;2;181;232;250m[38;2;134;193;226m▄[48;2;186;234;242m[38;2;164;224;243m▄[48;2;188;232;238m[38;2;177;231;242m▄[48;2;190;235;238m[38;2;181;229;238m▄[48;2;189;234;240m▄[48;2;187;231;238m[38;2;181;229;241m▄[38;2;180;228;241m▄[48;2;187;230;237m[38;2;181;229;242m▄[48;2;186;228;234m[38;2;175;222;235m▄[48;2;189;228;232m[38;2;174;220;231m▄[48;2;190;229;234m[38;2;176;222;231m▄[48;2;189;231;232m[38;2;166;214;228m▄[48;2;183;229;235m[38;2;157;207;224m▄[48;2;170;217;228m[38;2;152;204;225m▄[48;2;158;206;223m[38;2;144;195;224m▄[48;2;150;199;236m[38;2;144;195;236m▄[48;2;146;198;226m[38;2;144;194;216m▄[48;2;152;196;211m[38;2;150;187;182m▄[48;2;164;196;190m[38;2;130;153;130m▄[0m
[48;2;88;0;0m[38;2;105;0;0m▄[48;2;141;16;0m[38;2;177;33;0m▄[48;2;186;32;0m[38;2;217;46;0m▄[48;2;181;20;0m[38;2;214;48;0m▄[48;2;168;21;0m[38;2;195;48;0m▄[48;2;127;7;0m[38;2;159;22;0m▄[48;2;94;2;0m[38;2;117;4;0m▄[48;2;50;0;0m[38;2;69;0;0m▄[48;2;32;0;0m[38;2;48;0;0m▄[48;2;28;0;0m▄[48;2;13;1;0m[38;2;32;0;0m▄[48;2;30;25;4m[38;2;32;8;0m▄[48;2;45;15;0m[38;2;46;15;8m▄[48;2;73;15;0m[38;2;48;25;15m▄[48;2;87;25;0m[38;2;39;24;8m▄[48;2;106;16;0m[38;2;57;25;2m▄[48;2;132;34;0m[38;2;87;26;0m▄[48;2;162;114;75m[38;2;98;32;0m▄[48;2;180;202;180m[38;2;117;72;36m▄[48;2;182;234;230m[38;2;168;162;148m▄[48;2;178;236;236m[38;2;184;210;201m▄[48;2;180;237;243m[38;2;182;228;230m▄[48;2;177;242;246m[38;2;177;230;240m▄[48;2;183;242;244m[38;2;178;232;240m▄[48;2;195;241;240m[38;2;175;237;238m▄[48;2;192;242;235m[38;2;172;240;236m▄[48;2;192;243;236m[38;2;178;240;237m▄[48;2;198;244;236m[38;2;188;238;238m▄[48;2;201;244;237m[38;2;192;237;240m▄[48;2;200;248;240m[38;2;190;241;242m▄[48;2;195;249;243m[38;2;186;243;246m▄[48;2;195;253;247m[38;2;187;244;244m▄[48;2;195;253;243m[38;2;189;241;235m▄[48;2;200;249;234m[38;2;187;222;204m▄[48;2;204;238;220m[38;2;214;228;202m▄[48;2;228;246;220m[38;2;229;220;190m▄[48;2;255;253;212m[38;2;236;210;165m▄[48;2;235;204;150m[38;2;255;212;158m▄[48;2;255;240;195m[38;2;235;206;171m▄[48;2;208;177;148m[38;2;170;142;116m▄[48;2;134;118;115m[38;2;108;92;80m▄[48;2;96;98;115m[38;2;192;186;190m▄[48;2;75;75;93m[38;2;122;116;116m▄[48;2;80;63;57m[38;2;133;114;99m▄[48;2;45;15;1m[38;2;55;30;14m▄[48;2;66;21;0m[38;2;85;52;31m▄[48;2;110;68;42m[38;2;103;103;97m▄[48;2;103;109;129m[38;2;80;136;176m▄[48;2;80;140;198m[38;2;64;141;199m▄[48;2;67;138;200m[38;2;70;135;192m▄[48;2;74;129;189m[38;2;70;134;193m▄[48;2;69;133;192m[38;2;68;133;190m▄[48;2;68;133;189m[38;2;68;133;189m▄[48;2;67;132;186m[38;2;67;132;186m▄[48;2;67;132;188m[38;2;68;132;193m▄[48;2;66;129;192m[38;2;67;130;198m▄[48;2;66;128;200m[38;2;67;128;199m▄[48;2;66;129;205m[38;2;62;129;200m▄[48;2;68;130;204m[38;2;63;129;200m▄[48;2;66;128;200m▄[48;2;66;130;190m[38;2;62;129;194m▄[48;2;60;129;175m[38;2;64;132;189m▄[48;2;94;162;198m[38;2;72;139;188m▄[48;2;159;217;242m[38;2;133;192;230m▄[48;2;172;223;242m[38;2;153;208;237m▄[48;2;176;224;241m[38;2;157;212;240m▄[48;2;172;223;242m[38;2;164;219;247m▄[48;2;171;222;243m[38;2;162;217;244m▄[48;2;170;218;241m[38;2;142;198;226m▄[48;2;169;217;240m[38;2;129;184;217m▄[48;2;159;211;234m[38;2;115;172;207m▄[48;2;150;204;226m[38;2;91;150;187m▄[48;2;141;196;218m[38;2;67;133;169m▄[48;2;138;192;220m[38;2;68;129;168m▄[48;2;133;188;219m[38;2;64;123;164m▄[48;2;136;192;224m[38;2;82;139;178m▄[48;2;146;195;230m[38;2;146;184;208m▄[48;2;146;187;188m[38;2;174;202;195m▄[48;2;118;145;118m[38;2;120;139;110m▄[48;2;130;144;117m[38;2;104;123;106m▄[0m
[48;2;136;18;0m[38;2;156;21;0m▄[48;2;200;54;0m[38;2;183;42;0m▄[48;2;226;60;0m[38;2;204;56;0m▄[48;2;207;50;0m[38;2;195;50;0m▄[48;2;202;56;1m[38;2;187;45;0m▄[48;2;176;34;0m[38;2;177;34;0m▄[48;2;138;10;0m[38;2;157;19;0m▄[48;2;97;4;0m[38;2;123;9;0m▄[48;2;74;0;0m[38;2;108;2;0m▄[48;2;86;2;0m[38;2;126;10;0m▄[48;2;80;7;0m[38;2;122;12;0m▄[48;2;70;7;0m[38;2;120;14;0m▄[48;2;64;1;0m[38;2;116;7;0m▄[48;2;38;4;0m[38;2;87;1;0m▄[48;2;33;19;0m[38;2;60;1;0m▄[48;2;37;34;20m[38;2;37;3;0m▄[48;2;51;39;39m[38;2;32;10;4m▄[48;2;63;31;28m[38;2;33;20;25m▄[48;2;82;33;20m[38;2;50;39;40m▄[48;2;85;46;27m[38;2;73;49;34m▄[48;2;132;116;104m[38;2;92;66;56m▄[48;2;166;178;178m[38;2;105;90;92m▄[48;2;182;218;224m[38;2;100;114;117m▄[48;2;175;230;237m[38;2;128;166;171m▄[48;2;165;232;236m[38;2;176;222;229m▄[48;2;168;235;238m[38;2;175;228;235m▄[48;2;171;235;241m[38;2;170;228;236m▄[48;2;180;235;242m[38;2;171;228;237m▄[48;2;181;235;244m[38;2;175;229;236m▄[48;2;182;236;243m[38;2;180;229;235m▄[38;2;184;226;230m▄[48;2;181;231;232m[38;2;170;199;195m▄[48;2;169;198;190m[38;2;151;146;127m▄[48;2;166;174;153m[38;2;189;164;128m▄[48;2;225;212;180m[38;2;190;151;104m▄[48;2;208;182;145m[38;2;192;153;109m▄[48;2;184;146;105m[38;2;172;136;99m▄[48;2;213;165;123m[38;2;172;136;104m▄[48;2;196;168;135m[38;2;130;105;82m▄[48;2;154;132;106m[38;2;86;67;45m▄[48;2;134;118;99m[38;2;98;82;62m▄[48;2;157;147;132m[38;2;121;102;80m▄[48;2;218;205;189m[38;2;164;144;122m▄[48;2;168;148;129m[38;2;174;153;134m▄[48;2;100;81;60m[38;2;150;136;111m▄[48;2;144;132;122m[38;2;207;201;193m▄[48;2;93;128;145m[38;2;133;163;182m▄[48;2;68;145;188m[38;2;85;146;183m▄[48;2;68;139;190m[38;2;74;135;187m▄[48;2;75;133;184m[38;2;76;132;188m▄[48;2;68;136;194m[38;2;68;135;192m▄[48;2;69;134;194m[38;2;69;133;198m▄[48;2;69;133;192m▄[48;2;68;132;190m[38;2;68;132;196m▄[48;2;68;132;196m[38;2;69;133;200m▄[48;2;68;129;200m[38;2;69;130;200m▄[48;2;67;128;201m▄[48;2;67;130;198m[38;2;68;132;196m▄[48;2;66;129;196m[38;2;66;132;199m▄[38;2;64;130;198m▄[48;2;64;130;195m[38;2;64;130;195m▄[48;2;60;127;188m[38;2;60;127;190m▄[48;2;60;127;183m[38;2;56;128;186m▄[48;2;80;145;193m[38;2;57;126;186m▄[48;2;91;152;196m[38;2;57;126;182m▄[48;2;100;164;200m[38;2;57;127;175m▄[48;2;121;184;218m[38;2;60;129;174m▄[48;2;117;181;217m[38;2;60;129;175m▄[48;2;79;140;181m[38;2;55;122;175m▄[48;2;64;126;170m[38;2;56;123;177m▄[48;2;57;121;169m[38;2;54;121;177m▄[48;2;52;122;168m[38;2;50;122;180m▄[48;2;54;124;170m[38;2;48;121;178m▄[48;2;55;122;171m[38;2;49;121;178m▄[48;2;60;121;171m[38;2;55;118;174m▄[48;2;58;115;160m[38;2;58;111;159m▄[48;2;139;168;180m[38;2;184;206;204m▄[48;2;166;180;175m[38;2;142;151;151m▄[48;2;105;122;110m[38;2;123;140;152m▄[48;2;55;86;93m[38;2;40;87;108m▄[0m
[48;2;169;26;0m[38;2;175;43;0m▄[48;2;168;32;0m[38;2;170;42;0m▄[48;2;178;44;0m[38;2;172;45;0m▄[48;2;193;52;0m[38;2;171;42;0m▄[48;2;175;31;0m[38;2;183;51;0m▄[48;2;189;45;0m[38;2;192;52;0m▄[48;2;182;37;0m[38;2;204;64;0m▄[48;2;156;27;0m[38;2;166;34;0m▄[48;2;141;21;0m[38;2;147;19;0m▄[48;2;154;25;0m[38;2;182;51;0m▄[48;2;147;20;0m[38;2;168;39;0m▄[48;2;139;18;0m[38;2;148;20;0m▄[48;2;142;10;0m[38;2;164;30;0m▄[48;2;136;9;0m[38;2;166;25;0m▄[48;2;121;6;0m[38;2;165;21;0m▄[48;2;90;0;0m[38;2;163;15;0m▄[48;2;60;0;0m[38;2;127;1;0m▄[48;2;33;1;0m[38;2;86;0;0m▄[48;2;19;9;0m[38;2;48;0;0m▄[48;2;28;13;9m[38;2;30;0;0m▄[48;2;43;31;27m[38;2;19;2;0m▄[48;2;55;46;43m[38;2;12;6;0m▄[48;2;78;69;72m[38;2;33;14;0m▄[48;2;99;99;103m[38;2;37;18;3m▄[48;2;115;134;141m[38;2;36;36;26m▄[48;2;156;188;195m[38;2;43;56;52m▄[48;2;172;213;218m[38;2;62;75;75m▄[48;2;178;226;231m[38;2;96;115;112m▄[48;2;182;230;232m[38;2;129;145;142m▄[48;2;186;226;226m[38;2;164;168;164m▄[48;2;192;216;212m[38;2;181;169;165m▄[48;2;187;193;180m[38;2;157;139;118m▄[48;2;220;192;157m[38;2;177;141;81m▄[48;2;213;168;114m[38;2;176;115;38m▄[48;2;200;142;81m[38;2;214;138;55m▄[48;2;184;142;88m[38;2;193;130;61m▄[48;2;147;116;78m[38;2;123;78;24m▄[48;2;147;123;94m[38;2;87;52;13m▄[48;2;134;109;90m[38;2;97;73;45m▄[48;2;97;78;60m[38;2;94;75;50m▄[48;2;69;52;36m[38;2;54;43;20m▄[48;2;44;21;0m[38;2;33;27;4m▄[48;2;58;32;19m[38;2;14;7;0m▄[48;2;106;85;74m[38;2;18;6;0m▄[48;2;129;118;99m[38;2;27;18;8m▄[48;2;180;166;157m[38;2;67;51;39m▄[48;2;194;198;205m[38;2;128;116;109m▄[48;2;139;174;201m[38;2;123;134;152m▄[48;2;78;133;193m[38;2;85;129;181m▄[48;2;75;133;202m[38;2;75;134;201m▄[48;2;74;135;190m[38;2;72;135;198m▄[48;2;70;134;199m[38;2;70;134;199m▄[48;2;69;132;201m[38;2;69;133;200m▄[48;2;69;132;204m[38;2;70;132;201m▄[48;2;70;134;201m[38;2;68;134;201m▄[48;2;69;133;200m[38;2;67;133;200m▄[48;2;68;132;196m[38;2;66;132;199m▄[48;2;66;132;200m[38;2;64;132;200m▄[48;2;64;132;200m[38;2;64;130;198m▄[48;2;63;133;202m[38;2;67;134;201m▄[38;2;70;136;204m▄[48;2;57;129;195m[38;2;63;132;195m▄[48;2;56;132;193m[38;2;61;129;190m▄[48;2;55;127;193m[38;2;55;128;189m▄[48;2;52;126;188m[38;2;50;126;189m▄[48;2;54;127;182m[38;2;50;128;186m▄[48;2;54;128;180m▄[48;2;52;126;180m[38;2;49;127;187m▄[48;2;51;124;182m[38;2;49;126;187m▄[48;2;51;123;182m[38;2;52;121;184m▄[48;2;52;120;181m[38;2;51;120;181m▄[48;2;49;122;183m[38;2;43;123;187m▄[48;2;45;122;182m[38;2;42;124;176m▄[48;2;49;122;181m[38;2;51;122;176m▄[48;2;54;121;177m[38;2;44;123;175m▄[48;2;76;129;176m[38;2;100;152;195m▄[48;2;214;232;224m[38;2;223;235;238m▄[48;2;117;127;130m[38;2;127;138;136m▄[48;2;108;130;152m[38;2;118;140;138m▄[48;2;45;98;114m[38;2;87;122;112m▄[0m
[48;2;159;32;0m[38;2;162;37;0m▄[48;2;163;38;0m[38;2;157;33;0m▄[48;2;162;38;0m[38;2;172;51;0m▄[48;2;182;60;2m[38;2;192;67;4m▄[48;2;180;52;0m[38;2;171;45;0m▄[48;2;198;58;0m[38;2;192;55;0m▄[48;2;201;66;0m[38;2;192;49;0m▄[48;2;174;39;0m[38;2;186;45;0m▄[48;2;172;40;0m[38;2;207;70;0m▄[48;2;170;39;0m[38;2;193;58;0m▄[48;2;158;26;0m[38;2;176;44;0m▄[48;2;151;22;0m[38;2;147;19;0m▄[48;2;154;21;0m[38;2;158;30;0m▄[48;2;158;20;0m[38;2;160;28;0m▄[48;2;165;16;0m[38;2;162;26;0m▄[48;2;193;34;0m[38;2;189;39;0m▄[48;2;171;21;0m[38;2;188;31;0m▄[48;2;141;16;0m[38;2;178;30;0m▄[48;2;102;9;0m[38;2;150;19;0m▄[48;2;67;2;0m[38;2;108;14;0m▄[48;2;36;2;0m[38;2;63;6;0m▄[48;2;18;0;0m[38;2;32;0;0m▄[48;2;22;0;0m[38;2;27;0;0m▄[48;2;33;6;0m[38;2;22;0;0m▄[48;2;37;26;8m[38;2;18;0;0m▄[48;2;67;64;57m[38;2;24;8;0m▄[48;2;81;82;78m[38;2;45;36;31m▄[48;2;67;70;69m[38;2;64;62;58m▄[48;2;69;70;69m[38;2;74;74;70m▄[48;2;73;69;63m[38;2;69;67;63m▄[48;2;85;72;66m[38;2;46;38;33m▄[48;2;97;70;57m[38;2;30;12;10m▄[48;2;148;104;66m[38;2;72;36;22m▄[48;2;206;139;64m[38;2;166;109;48m▄[48;2;255;189;85m[38;2;229;159;52m▄[48;2;226;157;55m[38;2;243;182;73m▄[48;2;187;133;54m[38;2;172;121;34m▄[48;2;117;75;18m[38;2;151;100;45m▄[48;2;88;62;25m[38;2;111;82;48m▄[48;2;58;39;16m[38;2;54;33;10m▄[48;2;21;9;0m[38;2;28;15;6m▄[48;2;9;3;0m[38;2;15;7;3m▄[48;2;27;24;14m[38;2;22;15;7m▄[48;2;55;49;37m[38;2;18;12;0m▄[48;2;31;28;22m[38;2;28;26;19m▄[48;2;31;21;16m[38;2;64;60;55m▄[48;2;67;57;56m[38;2;54;49;46m▄[48;2;90;100;120m[38;2;32;48;68m▄[48;2;91;132;180m[38;2;73;120;164m▄[48;2;79;136;198m[38;2;78;135;196m▄[48;2;74;135;202m[38;2;78;136;202m▄[48;2;73;136;204m[38;2;73;136;204m▄[48;2;74;138;205m▄[48;2;72;135;202m▄[48;2;68;134;201m[38;2;69;135;202m▄[48;2;67;133;200m▄▄[48;2;67;133;204m[38;2;70;136;207m▄[48;2;69;135;202m[38;2;70;136;204m▄[48;2;70;136;204m[38;2;72;138;205m▄[48;2;74;140;207m[38;2;70;136;204m▄[48;2;68;135;196m[38;2;68;135;196m▄[48;2;61;128;189m[38;2;61;128;189m▄[48;2;57;128;190m[38;2;60;128;189m▄[48;2;48;123;182m[38;2;54;129;188m▄[48;2;50;128;186m[38;2;49;126;186m▄[38;2;49;127;187m▄[48;2;49;127;188m[38;2;49;127;188m▄[48;2;49;124;188m[38;2;49;126;189m▄[48;2;52;121;181m[38;2;51;124;182m▄[48;2;49;121;176m[38;2;49;122;176m▄[48;2;43;123;189m[38;2;44;121;189m▄[48;2;44;124;187m[38;2;51;118;182m▄[48;2;56;120;181m[38;2;64;110;171m▄[48;2;46;120;174m[38;2;56;117;163m▄[48;2;103;151;180m[38;2;109;147;160m▄[48;2;172;178;163m[38;2;212;216;190m▄[48;2;152;164;141m[38;2;170;180;158m▄[48;2;126;148;123m[38;2;106;127;117m▄[48;2;117;146;121m[38;2;79;111;108m▄[0m
[48;2;141;24;0m[38;2;148;31;0m▄[48;2;152;34;0m[38;2;164;46;0m▄[48;2;172;54;0m[38;2;174;55;0m▄[48;2;186;64;0m[38;2;192;72;0m▄[48;2;187;61;0m[38;2;180;56;0m▄[48;2;204;69;0m[38;2;188;62;0m▄[48;2;204;64;0m[38;2;186;55;0m▄[48;2;198;58;0m[38;2;200;67;0m▄[48;2;180;44;0m[38;2;204;73;0m▄[48;2;186;52;0m[38;2;196;70;0m▄[48;2;169;38;0m[38;2;178;54;0m▄[48;2;159;32;0m[38;2;163;38;0m▄[48;2;159;31;0m[38;2;168;39;0m▄[48;2;163;28;0m[38;2;163;31;0m▄[48;2;174;43;0m[38;2;165;38;0m▄[48;2;170;30;0m[38;2;153;22;0m▄[48;2;176;26;0m[38;2;164;24;0m▄[48;2;182;32;0m[38;2;164;22;0m▄[48;2;166;22;0m[38;2;157;20;0m▄[48;2;120;9;0m[38;2;130;13;0m▄[48;2;75;0;0m[38;2;90;0;0m▄[48;2;45;0;0m[38;2;51;0;0m▄[48;2;27;0;0m[38;2;28;0;0m▄[48;2;19;0;0m[38;2;15;0;0m▄[48;2;21;0;0m[38;2;12;0;0m▄[48;2;27;4;0m[38;2;18;0;0m▄[48;2;26;4;1m[38;2;34;8;6m▄[48;2;22;7;3m[38;2;22;3;0m▄[48;2;21;13;8m[38;2;18;4;1m▄[48;2;38;34;31m[38;2;18;13;7m▄[48;2;44;42;38m[38;2;37;34;31m▄[48;2;20;16;14m[38;2;13;14;7m▄[48;2;20;4;0m[38;2;0;0;0m▄[48;2;129;99;55m[38;2;27;16;0m▄[48;2;153;110;43m[38;2;36;16;1m▄[48;2;140;100;34m[38;2;26;7;0m▄[48;2;90;51;9m[38;2;19;0;0m▄[48;2;62;21;0m[38;2;24;0;0m▄[48;2;64;33;7m[38;2;21;0;0m▄[48;2;57;36;10m[38;2;20;6;0m▄[48;2;26;16;0m[38;2;7;7;0m▄[48;2;14;9;0m[38;2;15;25;6m▄[48;2;13;9;0m[38;2;21;34;30m▄[48;2;18;14;2m[38;2;16;28;34m▄[48;2;26;26;15m[38;2;15;24;24m▄[48;2;31;25;9m[38;2;18;18;4m▄[48;2;38;32;22m[38;2;19;22;10m▄[48;2;39;58;70m[38;2;36;64;74m▄[48;2;75;124;165m[38;2;78;134;172m▄[48;2;75;139;194m[38;2;74;142;199m▄[48;2;74;140;204m[38;2;74;141;202m▄[48;2;73;136;204m[38;2;74;138;205m▄[38;2;73;136;204m▄[38;2;74;138;205m▄[48;2;72;138;205m[38;2;72;138;205m▄[48;2;69;135;202m▄[48;2;70;136;204m▄[48;2;70;136;207m[38;2;70;136;207m▄[48;2;70;136;204m[38;2;73;139;206m▄[38;2;70;136;204m▄[48;2;74;140;207m▄[48;2;72;139;200m[38;2;70;138;199m▄[48;2;63;130;192m[38;2;64;132;193m▄[48;2;64;132;193m[38;2;66;133;194m▄[48;2;61;128;189m[38;2;60;127;188m▄[48;2;50;126;184m[38;2;54;124;187m▄[48;2;49;126;187m[38;2;51;127;188m▄[38;2;50;126;189m▄[38;2;49;124;188m▄[48;2;49;124;186m[38;2;51;123;190m▄[48;2;49;121;187m[38;2;52;120;192m▄[48;2;54;122;183m[38;2;61;124;175m▄[48;2;66;120;156m[38;2;87;132;135m▄[48;2;100;135;166m[38;2;118;147;144m▄[48;2;86;136;159m[38;2;78;126;130m▄[48;2;115;146;151m[38;2;69;102;104m▄[48;2;220;224;208m[38;2;166;174;163m▄[48;2;129;140;139m[38;2;127;145;146m▄[48;2;57;82;102m[38;2;52;86;111m▄[48;2;31;67;102m[38;2;21;70;108m▄[0m
[48;2;160;43;0m[38;2;163;43;0m▄[48;2;172;54;0m[38;2;176;57;0m▄[48;2;171;51;0m[38;2;180;60;0m▄[48;2;187;67;0m[38;2;176;61;0m▄[48;2;177;56;0m[38;2;170;55;0m▄[48;2;176;55;0m[38;2;168;52;0m▄[48;2;175;54;0m[38;2;158;46;0m▄[48;2;193;73;1m[38;2;175;63;0m▄[48;2;190;69;0m[38;2;172;60;0m▄[48;2;177;56;0m[38;2;171;56;0m▄[48;2;178;56;0m[38;2;184;69;2m▄[48;2;165;43;0m[38;2;162;44;0m▄[48;2;166;42;0m[38;2;160;39;0m▄[48;2;166;38;0m[38;2;166;44;0m▄[48;2;164;37;0m[38;2;165;40;0m▄[48;2;159;31;0m[38;2;156;24;0m▄[48;2;165;25;0m[38;2;171;27;0m▄[48;2;175;34;0m[38;2;174;30;0m▄[48;2;165;32;0m[38;2;151;16;0m▄[48;2;140;21;0m[38;2;145;21;0m▄[48;2;114;10;0m[38;2;128;19;0m▄[48;2;72;0;0m[38;2;99;9;0m▄[48;2;34;0;0m[38;2;50;0;0m▄[48;2;15;0;0m[38;2;13;0;0m▄[48;2;10;0;0m[38;2;9;0;0m▄[48;2;12;0;0m[38;2;8;0;0m▄[38;2;9;0;0m▄[48;2;13;0;0m[38;2;7;0;0m▄[48;2;16;1;0m[38;2;8;0;0m▄[48;2;15;3;0m[38;2;12;0;0m▄[48;2;16;12;7m[38;2;18;6;0m▄[48;2;6;3;0m[38;2;13;1;0m▄[48;2;0;0;0m[38;2;10;0;0m▄[38;2;6;0;0m▄[48;2;6;0;0m[38;2;0;0;0m▄[48;2;9;2;9m[38;2;1;0;0m▄[48;2;6;0;0m[38;2;3;0;0m▄[48;2;18;2;0m[38;2;21;9;0m▄[48;2;15;8;0m[38;2;20;36;20m▄[48;2;8;14;8m[38;2;54;79;92m▄[48;2;25;46;49m[38;2;84;122;168m▄[48;2;69;99;115m[38;2;93;142;205m▄[48;2;72;110;134m[38;2;86;148;210m▄[48;2;60;100;130m[38;2;79;146;199m▄[48;2;48;85;109m[38;2;74;139;193m▄[48;2;51;75;90m[38;2;76;132;180m▄[48;2;19;45;54m[38;2;73;121;163m▄[48;2;52;94;120m[38;2;76;134;182m▄[48;2;78;141;192m[38;2;76;144;207m▄[48;2;74;142;206m[38;2;75;141;212m▄[48;2;76;140;205m[38;2;81;139;208m▄[48;2;75;139;206m[38;2;75;139;206m▄▄[38;2;74;138;205m▄[48;2;72;138;205m[38;2;72;138;205m▄▄▄[48;2;70;136;207m[38;2;69;135;206m▄[48;2;70;136;204m[38;2;68;134;201m▄[48;2;68;134;201m[38;2;67;133;200m▄[48;2;67;133;200m▄[48;2;68;135;196m[38;2;67;134;195m▄[48;2;64;132;193m[38;2;64;132;195m▄[48;2;66;132;195m[38;2;66;132;195m▄[48;2;61;128;189m[38;2;62;129;190m▄[48;2;57;129;188m[38;2;61;129;190m▄[48;2;52;128;189m[38;2;52;128;189m▄[48;2;51;127;190m[38;2;51;127;186m▄[38;2;54;127;186m▄[48;2;52;126;187m[38;2;56;127;181m▄[48;2;56;121;181m[38;2;67;130;166m▄[48;2;64;122;160m[38;2;78;128;154m▄[48;2;102;136;135m[38;2;103;132;138m▄[48;2;108;128;122m[38;2;103;118;132m▄[48;2;45;91;100m[38;2;34;79;104m▄[48;2;45;80;91m[38;2;67;100;126m▄[48;2;176;183;177m[38;2;111;115;122m▄[48;2;148;168;168m[38;2;122;135;148m▄[48;2;72;110;123m[38;2;61;94;116m▄[48;2;22;76;103m[38;2;22;74;103m▄[0m
[48;2;175;56;0m[38;2;170;48;9m▄[48;2;172;60;0m[38;2;184;66;14m▄[48;2;176;69;0m[38;2;190;78;14m▄[48;2;158;52;0m[38;2;164;55;0m▄[48;2;156;56;0m[38;2;159;51;0m▄[48;2;153;55;0m[38;2;177;74;0m▄[48;2;159;63;0m[38;2;169;75;0m▄[48;2;175;68;0m[38;2;159;61;0m▄[48;2;176;57;0m[38;2;157;45;0m▄[48;2;183;64;0m[38;2;168;56;0m▄[48;2;169;56;0m[38;2;170;67;3m▄[48;2;162;52;0m[38;2;164;55;0m▄[48;2;151;37;0m[38;2;151;36;0m▄[48;2;160;42;0m[38;2;150;31;0m▄[48;2;152;37;0m[38;2;152;25;0m▄[48;2;145;18;0m[38;2;162;21;0m▄[48;2;168;32;0m[38;2;195;42;0m▄[48;2;159;21;0m[38;2;190;43;0m▄[48;2;156;22;0m[38;2;182;40;0m▄[48;2;122;0;0m[38;2;148;14;0m▄[48;2;98;0;0m[38;2;135;24;0m▄[48;2;93;0;0m[38;2;111;7;0m▄[48;2;68;0;0m[38;2;79;0;0m▄[48;2;10;0;0m[38;2;19;0;0m▄[48;2;0;0;0m[38;2;6;0;0m▄[48;2;3;0;0m[38;2;8;0;0m▄[48;2;10;0;0m[38;2;12;0;0m▄[48;2;16;0;0m[38;2;19;0;0m▄[48;2;14;0;0m[38;2;18;0;0m▄[48;2;13;0;0m[38;2;19;0;0m▄[48;2;20;3;0m[38;2;18;0;0m▄[48;2;15;0;0m[38;2;15;0;0m▄[48;2;10;0;0m[38;2;13;0;0m▄[48;2;1;0;0m[38;2;6;0;0m▄[38;2;7;0;0m▄[48;2;7;0;0m[38;2;10;0;0m▄[48;2;21;7;0m[38;2;27;8;0m▄[48;2;34;21;0m[38;2;21;12;0m▄[48;2;50;79;85m[38;2;51;86;105m▄[48;2;106;146;184m[38;2;99;146;195m▄[48;2;94;144;207m[38;2;92;146;211m▄[48;2;85;147;208m[38;2;84;147;202m▄[48;2;79;148;201m[38;2;81;148;196m▄[48;2;78;146;206m[38;2;82;145;206m▄[48;2;76;144;212m[38;2;80;144;211m▄[48;2;80;144;208m[38;2;78;144;211m▄[48;2;82;141;207m[38;2;79;140;210m▄[48;2;82;141;208m[38;2;82;140;210m▄[48;2;78;141;208m[38;2;78;141;208m▄[48;2;78;140;210m▄[48;2;78;139;208m[38;2;76;140;207m▄[48;2;76;140;207m▄▄[48;2;75;139;206m▄[48;2;74;138;205m[38;2;75;139;206m▄[48;2;73;136;204m[38;2;74;138;205m▄▄[48;2;69;135;204m[38;2;70;136;204m▄[48;2;68;134;201m[38;2;69;135;202m▄[48;2;67;133;200m[38;2;68;134;201m▄[38;2;67;133;200m▄[38;2;66;132;199m▄[48;2;64;132;199m▄[48;2;61;132;202m[38;2;64;132;195m▄[48;2;58;129;193m[38;2;64;132;189m▄[48;2;60;132;190m[38;2;63;130;187m▄[48;2;58;130;188m[38;2;62;129;178m▄[48;2;58;129;168m[38;2;70;138;172m▄[48;2;72;129;165m[38;2;76;132;164m▄[48;2;86;132;184m[38;2;86;124;165m▄[48;2;80;128;154m[38;2;105;138;160m▄[48;2;93;132;145m[38;2;133;159;165m▄[48;2;86;112;124m[38;2;69;94;98m▄[48;2;78;103;123m[38;2;45;72;87m▄[48;2;46;75;102m[38;2;48;78;93m▄[48;2;99;123;140m[38;2;187;210;213m▄[48;2;115;116;112m[38;2;253;255;241m▄[48;2;159;166;178m[38;2;208;218;219m▄[48;2;54;82;109m[38;2;76;108;133m▄[48;2;13;64;103m[38;2;18;70;106m▄[0m
[48;2;129;56;33m[38;2;112;128;165m▄[48;2;122;58;30m[38;2;106;129;158m▄[48;2;123;73;48m[38;2;105;138;169m▄[48;2;117;78;69m[38;2;104;148;187m▄[48;2;130;103;109m[38;2;87;145;190m▄[48;2;124;108;120m[38;2;87;148;196m▄[48;2;124;108;124m[38;2;86;141;195m▄[48;2;135;112;109m[38;2;94;142;183m▄[48;2;108;73;34m[38;2;108;146;166m▄[48;2;124;74;25m[38;2;111;133;158m▄[48;2;129;56;9m[38;2;121;117;138m▄[48;2;147;49;3m[38;2;115;82;73m▄[48;2;144;33;0m[38;2;114;52;12m▄[48;2;128;25;0m[38;2;104;18;0m▄[48;2;122;2;0m[38;2;100;3;0m▄[48;2;165;25;0m[38;2;147;28;0m▄[48;2;189;36;0m[38;2;172;38;0m▄[48;2;181;31;0m[38;2;168;32;0m▄[48;2;168;30;0m[38;2;134;9;0m▄[48;2;147;24;0m[38;2;98;9;0m▄[48;2;105;13;0m[38;2;37;0;0m▄[48;2;86;3;0m[38;2;18;0;0m▄[48;2;68;2;0m[38;2;6;0;0m▄[48;2;9;0;0m[38;2;0;0;0m▄[48;2;4;0;0m▄[48;2;10;0;0m[38;2;7;0;0m▄[48;2;9;0;0m[38;2;9;0;0m▄[48;2;18;0;0m[38;2;14;0;0m▄[48;2;16;0;0m[38;2;10;0;0m▄[48;2;15;0;0m▄[48;2;13;0;0m[38;2;8;0;0m▄[48;2;12;0;0m▄[48;2;10;0;0m[38;2;6;0;0m▄[48;2;7;0;0m[38;2;10;0;0m▄[48;2;14;0;0m[38;2;6;0;0m▄[48;2;21;0;0m[38;2;22;3;0m▄[48;2;25;8;0m[38;2;22;13;6m▄[48;2;24;21;18m[38;2;32;44;51m▄[48;2;82;127;158m[38;2;93;144;188m▄[48;2;91;142;196m[38;2;87;145;202m▄[48;2;87;145;210m[38;2;84;147;208m▄[48;2;84;147;202m[38;2;84;148;205m▄[48;2;81;146;198m[38;2;85;148;202m▄[48;2;85;144;204m[38;2;87;147;205m▄[48;2;81;142;210m[38;2;84;145;208m▄[48;2;80;144;211m[38;2;82;146;208m▄[48;2;80;141;208m[38;2;81;145;207m▄[48;2;81;139;206m[38;2;81;139;204m▄[48;2;76;138;205m[38;2;79;140;204m▄[48;2;76;140;207m[38;2;78;141;204m▄[48;2;75;141;206m[38;2;76;142;206m▄[48;2;78;141;208m[38;2;79;142;207m▄▄[38;2;78;141;206m▄[48;2;75;139;206m[38;2;75;139;206m▄[38;2;75;139;204m▄[38;2;74;138;202m▄[48;2;72;138;205m[38;2;74;138;205m▄[48;2;70;136;204m[38;2;72;138;205m▄[38;2;70;136;204m▄[48;2;67;133;200m[38;2;67;133;198m▄[48;2;66;132;199m[38;2;68;132;199m▄[48;2;66;132;196m[38;2;66;132;196m▄[48;2;67;132;188m[38;2;64;134;187m▄[48;2;66;126;183m[38;2;66;129;188m▄[48;2;69;127;183m[38;2;74;132;180m▄[48;2;67;130;169m[38;2;88;144;171m▄[48;2;68;130;164m[38;2;84;134;159m▄[48;2;69;120;148m[38;2;87;123;136m▄[48;2;80;117;133m[38;2;132;158;145m▄[48;2;94;117;121m[38;2;146;162;146m▄[48;2;121;140;133m[38;2;140;153;134m▄[48;2;116;135;133m[38;2;108;128;121m▄[48;2;88;115;124m[38;2;67;99;109m▄[48;2;67;102;111m[38;2;49;86;105m▄[48;2;157;186;186m[38;2;46;80;91m▄[48;2;252;255;242m[38;2;225;235;228m▄[48;2;114;130;135m[38;2;72;96;109m▄[48;2;43;81;105m[38;2;40;85;120m▄[48;2;14;69;100m[38;2;18;75;114m▄[0m
[48;2;81;140;204m[38;2;86;138;207m▄[48;2;84;144;201m[38;2;90;145;205m▄[48;2;87;148;200m[38;2;91;146;204m▄[48;2;87;147;205m[38;2;87;145;208m▄[48;2;90;145;206m[38;2;88;147;214m▄[48;2;91;148;206m[38;2;92;151;214m▄[48;2;81;145;200m[38;2;84;147;202m▄[48;2;81;142;194m[38;2;85;146;201m▄[48;2;88;150;200m[38;2;94;150;213m▄[48;2;86;145;207m[38;2;87;146;212m▄[48;2;91;140;202m[38;2;86;146;204m▄[48;2;112;145;177m[38;2;93;145;183m▄[48;2;118;106;97m[38;2;118;130;141m▄[48;2;100;20;0m[38;2;110;46;21m▄[48;2;110;9;0m[38;2;108;8;0m▄[48;2;142;24;0m[38;2;158;24;0m▄[48;2;164;33;0m[38;2;170;32;0m▄[48;2;147;20;0m[38;2;127;24;0m▄[48;2;118;8;0m[38;2;100;33;18m▄[48;2;56;0;0m[38;2;32;0;0m▄[48;2;20;0;0m[38;2;19;0;0m▄[48;2;13;0;0m▄[48;2;0;0;0m[38;2;12;0;0m▄[38;2;0;0;0m▄▄[48;2;3;0;0m[38;2;1;0;0m▄[48;2;9;0;0m[38;2;4;0;0m▄[48;2;10;0;0m[38;2;7;0;0m▄[48;2;8;0;0m[38;2;4;0;0m▄[48;2;7;0;0m▄[48;2;9;0;0m[38;2;7;0;0m▄[48;2;7;0;0m▄[48;2;6;0;0m[38;2;3;0;0m▄[48;2;7;1;0m[38;2;0;3;0m▄[48;2;1;0;0m[38;2;1;10;8m▄[48;2;10;7;0m[38;2;19;36;42m▄[48;2;32;45;48m[38;2;72;104;127m▄[48;2;75;108;129m[38;2;91;139;177m▄[48;2;86;146;199m[38;2;82;145;204m▄[48;2;82;145;204m[38;2;84;147;205m▄[48;2;84;147;205m[38;2;84;148;200m▄[48;2;85;150;204m[38;2;85;150;204m▄[48;2;87;148;202m[38;2;86;151;205m▄[48;2;87;148;204m[38;2;85;150;204m▄[48;2;84;148;208m[38;2;82;150;207m▄[48;2;82;146;208m[38;2;84;147;210m▄[48;2;82;144;210m[38;2;84;145;208m▄[48;2;84;141;206m[38;2;86;144;208m▄[48;2;80;141;205m[38;2;81;145;207m▄[48;2;79;142;205m[38;2;80;144;206m▄[48;2;79;144;205m[38;2;78;145;206m▄[48;2;78;141;204m[38;2;79;142;205m▄▄[38;2;78;141;204m▄[48;2;76;140;202m▄[48;2;75;139;201m[38;2;76;140;202m▄▄▄[48;2;74;138;200m[38;2;74;138;200m▄[48;2;73;136;199m[38;2;73;136;199m▄[48;2;69;133;195m[38;2;70;134;196m▄▄[48;2;68;132;194m[38;2;68;132;194m▄[48;2;63;132;192m[38;2;66;132;195m▄[48;2;64;132;188m[38;2;69;130;171m▄[48;2;80;135;168m[38;2;84;136;146m▄[48;2;80;129;141m[38;2;68;110;111m▄[48;2;66;102;114m[38;2;111;142;142m▄[48;2;135;157;154m[38;2;136;154;146m▄[48;2;172;187;163m[38;2;133;148;136m▄[48;2;110;133;114m[38;2;68;103;105m▄[48;2;85;108;88m[38;2;64;100;100m▄[48;2;97;126;122m[38;2;63;103;115m▄[48;2;48;88;110m[38;2;34;82;116m▄[48;2;37;79;109m[38;2;31;76;112m▄[48;2;40;74;99m[38;2;46;82;111m▄[48;2;194;210;216m[38;2;187;210;220m▄[48;2;55;90;121m[38;2;49;93;133m▄[48;2;34;90;142m[38;2;32;97;157m▄[48;2;22;82;132m[38;2;26;90;145m▄[0m
[48;2;82;141;204m[38;2;79;142;196m▄[48;2;86;147;199m[38;2;84;147;201m▄[48;2;87;151;199m[38;2;87;148;202m▄[48;2;86;147;201m[38;2;84;145;199m▄[48;2;82;145;204m[38;2;81;141;196m▄[48;2;87;148;202m[38;2;84;144;196m▄[48;2;88;144;200m[38;2;85;142;200m▄[48;2;93;144;202m[38;2;88;142;202m▄[48;2;97;148;207m[38;2;87;145;199m▄[48;2;87;148;199m[38;2;87;147;199m▄[48;2;82;152;198m[38;2;86;150;201m▄[48;2;82;150;207m[38;2;85;150;206m▄[48;2;102;141;188m[38;2;96;150;201m▄[48;2;103;81;75m[38;2;97;100;117m▄[48;2;100;18;0m[38;2;86;18;0m▄[48;2;164;30;0m[38;2;147;38;0m▄[48;2;151;30;0m[38;2;114;44;24m▄[48;2;109;51;31m[38;2;110;126;145m▄[48;2;97;93;105m[38;2;90;116;147m▄[48;2;15;0;0m[38;2;15;0;0m▄[48;2;14;0;0m[38;2;20;0;0m▄[48;2;19;0;0m[38;2;22;1;0m▄[48;2;24;6;4m[38;2;31;14;9m▄[48;2;0;0;0m[38;2;9;2;0m▄[38;2;0;0;0m▄▄[48;2;6;0;0m[38;2;6;0;0m▄[48;2;1;0;0m[38;2;4;0;0m▄[48;2;3;0;0m[38;2;20;20;10m▄[48;2;0;0;0m[38;2;56;66;70m▄[38;2;27;48;63m▄[48;2;4;0;0m[38;2;18;49;56m▄[48;2;3;3;0m[38;2;36;69;80m▄[48;2;0;13;15m[38;2;58;97;117m▄[48;2;37;62;75m[38;2;94;139;174m▄[48;2;69;104;132m[38;2;96;144;189m▄[48;2;94;141;183m[38;2;93;148;201m▄[48;2;87;145;201m[38;2;90;148;208m▄[48;2;82;146;205m[38;2;82;146;201m▄[48;2;84;148;202m[38;2;82;147;199m▄[48;2;85;150;198m[38;2;84;148;200m▄[48;2;85;150;201m[38;2;85;150;201m▄[48;2;84;151;205m[38;2;84;148;200m▄[48;2;84;151;204m[38;2;84;148;202m▄[48;2;82;151;207m[38;2;81;148;205m▄[48;2;84;147;206m[38;2;80;147;205m▄[48;2;85;147;208m[38;2;84;148;202m▄[48;2;87;145;206m[38;2;87;147;202m▄[48;2;82;145;206m[38;2;86;145;205m▄[48;2;81;145;206m[38;2;82;146;207m▄[48;2;79;146;206m[38;2;80;145;206m▄[48;2;80;144;206m[38;2;80;144;205m▄[48;2;79;142;205m[38;2;79;142;207m▄▄[48;2;78;141;204m[38;2;78;141;208m▄[48;2;76;140;202m[38;2;76;140;207m▄[38;2;76;140;202m▄[38;2;76;140;201m▄[48;2;75;139;201m[38;2;73;139;204m▄[48;2;73;136;199m[38;2;70;138;199m▄[48;2;70;134;195m[38;2;67;134;188m▄[48;2;70;134;196m[38;2;70;138;192m▄[38;2;70;134;195m▄[48;2;72;129;189m[38;2;76;128;176m▄[48;2;94;141;160m[38;2;181;205;193m▄[48;2;124;164;147m[38;2;189;200;164m▄[48;2;91;124;121m[38;2;106;135;133m▄[48;2;129;162;158m[38;2;90;126;132m▄[48;2;127;152;144m[38;2;74;110;114m▄[48;2;74;99;111m[38;2;42;82;116m▄[48;2;39;85;116m[38;2;30;81;120m▄[48;2;39;87;110m[38;2;32;82;112m▄[48;2;34;85;111m[38;2;33;81;104m▄[48;2;25;79;115m[38;2;32;84;99m▄[48;2;30;78;109m[38;2;58;103;109m▄[48;2;66;104;123m[38;2;128;159;160m▄[48;2;141;170;180m[38;2;69;108;127m▄[48;2;51;103;144m[38;2;44;97;144m▄[48;2;33;105;163m[38;2;37;100;162m▄[48;2;28;98;150m[38;2;26;96;144m▄[0m
[48;2;87;147;202m[38;2;93;153;208m▄[48;2;86;146;201m[38;2;85;145;200m▄[48;2;85;145;200m[38;2;81;141;196m▄[48;2;80;140;195m[38;2;80;140;195m▄[48;2;81;141;196m[38;2;79;139;194m▄[48;2;82;142;198m[38;2;82;142;198m▄[48;2;84;144;199m[38;2;84;144;199m▄▄[48;2;86;146;201m[38;2;85;145;200m▄▄[48;2;87;147;200m[38;2;87;147;200m▄[48;2;90;150;202m▄[48;2;92;153;204m[38;2;90;151;202m▄[48;2;110;132;160m[38;2;112;145;177m▄[48;2;100;31;15m[38;2;68;45;42m▄[48;2;96;18;0m[38;2;70;55;64m▄[48;2;111;106;115m[38;2;112;145;180m▄[48;2;114;154;183m[38;2;67;81;100m▄[48;2;72;74;88m[38;2;103;80;61m▄[48;2;30;1;0m[38;2;51;25;0m▄[48;2;26;0;0m[38;2;32;9;0m▄[48;2;22;3;0m[38;2;25;6;0m▄[48;2;36;22;22m[38;2;31;21;14m▄[48;2;16;8;4m[38;2;26;18;14m▄[48;2;0;0;0m[38;2;1;0;0m▄[38;2;0;0;0m▄[48;2;1;0;0m▄[48;2;0;0;0m▄[48;2;6;9;0m[38;2;0;3;0m▄[48;2;98;115;132m[38;2;75;96;115m▄[48;2;117;156;196m[38;2;109;154;208m▄[48;2;110;160;190m[38;2;106;160;212m▄[48;2;102;150;181m[38;2;108;159;202m▄[48;2;108;156;193m[38;2;106;157;202m▄[48;2;104;154;199m[38;2;109;160;214m▄[48;2;103;154;208m[38;2;108;159;214m▄[48;2;98;152;210m[38;2;106;158;216m▄[48;2;94;150;210m▄[48;2;93;151;207m[38;2;100;156;213m▄[48;2;93;153;206m▄[48;2;92;152;205m[38;2;99;154;212m▄[38;2;98;153;211m▄[48;2;90;150;205m[38;2;98;156;210m▄[38;2;96;153;207m▄[48;2;85;152;206m[38;2;91;154;205m▄[48;2;84;151;204m[38;2;90;154;202m▄[48;2;86;151;201m[38;2;96;157;201m▄[48;2;90;150;201m[38;2;96;156;201m▄[48;2;90;150;202m[38;2;94;156;201m▄[48;2;87;150;207m[38;2;93;153;206m▄[48;2;82;146;204m[38;2;84;147;201m▄[48;2;82;146;201m[38;2;82;147;199m▄[48;2;81;145;204m[38;2;80;145;199m▄[48;2;80;144;206m[38;2;80;144;202m▄[48;2;79;142;205m[38;2;79;142;201m▄[48;2;80;144;205m[38;2;78;142;200m▄[48;2;79;142;201m[38;2;78;142;196m▄[48;2;75;139;198m[38;2;80;140;198m▄[38;2;80;141;192m▄[48;2;73;140;196m▄[48;2;74;139;193m[38;2;82;140;200m▄[48;2;76;140;192m[38;2;87;138;193m▄[48;2;76;136;186m[38;2;112;160;189m▄[48;2;105;153;172m[38;2;141;183;177m▄[48;2;200;222;200m[38;2;112;141;135m▄[48;2;116;132;111m[38;2;55;92;108m▄[48;2;54;90;103m[38;2;36;86;115m▄[48;2;34;75;97m[38;2;49;91;126m▄[48;2;39;80;99m[38;2;68;106;140m▄[48;2;34;84;121m[38;2;25;79;110m▄[48;2;24;81;117m[38;2;36;87;112m▄[48;2;28;76;105m[38;2;49;87;100m▄[48;2;37;76;90m[38;2;79;106;104m▄[48;2;52;93;93m[38;2;100;129;114m▄[48;2;122;154;144m[38;2;102;127;111m▄[48;2;168;190;181m[38;2;93;117;105m▄[48;2;64;106;126m[38;2;61;100;114m▄[48;2;37;84;132m[38;2;50;96;130m▄[48;2;32;87;144m[38;2;48;99;147m▄[48;2;14;80;123m[38;2;12;69;110m▄[0m
[48;2;92;152;207m[38;2;93;153;208m▄[48;2;86;146;201m[38;2;88;148;204m▄[48;2;81;141;196m[38;2;81;141;196m▄▄[48;2;80;140;195m▄[48;2;82;142;198m[38;2;82;142;198m▄[48;2;84;144;199m[38;2;84;144;196m▄[48;2;85;145;200m[38;2;85;145;200m▄[48;2;82;142;195m[38;2;82;142;195m▄[48;2;84;144;196m[38;2;85;145;198m▄[48;2;87;147;200m[38;2;86;146;198m▄[48;2;87;147;199m[38;2;87;148;196m▄[48;2;90;147;199m[38;2;87;147;193m▄[48;2;103;147;183m[38;2;94;150;186m▄[48;2;43;62;87m[38;2;64;111;156m▄[48;2;87;122;165m[38;2;99;146;194m▄[48;2;96;144;178m[38;2;104;136;144m▄[48;2;100;87;84m[38;2;150;123;94m▄[48;2;177;138;97m[38;2;168;118;78m▄[48;2;132;100;50m[38;2;222;183;134m▄[48;2;80;51;16m[38;2;153;122;84m▄[48;2;25;6;0m[38;2;38;18;0m▄[48;2;33;20;10m[38;2;32;19;6m▄[48;2;31;19;12m[38;2;32;19;8m▄[48;2;3;0;0m[38;2;4;0;0m▄[48;2;0;0;0m[38;2;0;0;0m▄▄[38;2;1;0;0m▄[48;2;0;7;0m[38;2;6;10;0m▄[48;2;54;79;92m[38;2;49;75;78m▄[48;2;109;157;208m[38;2;110;164;202m▄[48;2;100;160;212m[38;2;98;164;206m▄[48;2;103;158;208m[38;2;102;162;211m▄[48;2;104;158;212m[38;2;103;160;217m▄[48;2;106;160;218m[38;2;104;159;217m▄[48;2;108;159;217m[38;2;105;160;217m▄[48;2;109;160;216m[38;2;106;160;214m▄[48;2;109;160;218m[38;2;106;162;214m▄[48;2;106;162;219m[38;2;109;163;217m▄[38;2;108;163;216m▄[48;2;105;160;214m[38;2;106;160;214m▄[48;2;104;159;213m[38;2;106;160;211m▄[48;2;100;158;210m[38;2;104;159;207m▄[48;2;100;156;208m[38;2;103;159;205m▄[48;2;100;158;206m[38;2;105;158;205m▄[48;2;97;157;202m[38;2;103;159;205m▄[38;2;102;157;205m▄[48;2;97;154;202m[38;2;97;154;206m▄[48;2;96;153;202m[38;2;94;152;204m▄[48;2;91;151;204m[38;2;94;150;202m▄[48;2;88;148;201m[38;2;94;150;200m▄[48;2;87;147;200m[38;2;92;147;200m▄[48;2;84;147;201m[38;2;92;147;204m▄[48;2;81;145;204m[38;2;90;147;205m▄[48;2;82;146;205m[38;2;90;147;207m▄[38;2;87;148;204m▄[48;2;81;145;200m[38;2;87;148;200m▄[48;2;88;144;196m[38;2;102;150;194m▄[48;2;86;144;180m[38;2;79;129;158m▄[48;2;85;141;180m[38;2;70;118;150m▄[48;2;98;144;204m[38;2;93;134;182m▄[48;2;102;140;189m[38;2;91;122;156m▄[48;2;146;181;192m[38;2;139;163;163m▄[48;2;108;136;133m[38;2;88;110;117m▄[48;2;50;82;108m[38;2;39;79;123m▄[48;2;32;87;123m[38;2;30;87;129m▄[48;2;28;90;115m[38;2;30;90;109m▄[48;2;40;88;122m[38;2;37;91;114m▄[48;2;60;104;139m[38;2;37;81;110m▄[48;2;37;84;103m[38;2;73;104;108m▄[48;2;114;146;146m[38;2;187;199;177m▄[48;2;140;163;156m[38;2;135;145;123m▄[48;2;124;141;129m[38;2;85;102;86m▄[48;2;86;111;98m[38;2;50;84;79m▄[48;2;68;99;93m[38;2;39;84;93m▄[48;2;52;85;87m[38;2;27;75;96m▄[48;2;32;76;87m[38;2;40;88;105m▄[48;2;33;78;106m[38;2;25;75;98m▄[48;2;43;92;129m[38;2;30;81;110m▄[48;2;13;66;102m[38;2;12;64;98m▄[0m
[48;2;96;156;211m[38;2;91;151;206m▄[48;2;88;148;204m[38;2;86;146;201m▄[48;2;82;142;198m[38;2;82;142;198m▄▄[48;2;81;141;196m▄[48;2;82;142;198m[38;2;84;144;199m▄[48;2;84;144;196m[38;2;86;146;199m▄[48;2;85;145;198m▄▄[48;2;85;146;198m[38;2;85;146;196m▄[48;2;86;147;195m[38;2;86;147;195m▄[48;2;87;148;196m[38;2;87;148;196m▄[48;2;87;147;192m[38;2;82;150;195m▄[48;2;87;147;189m[38;2;82;150;192m▄[48;2;91;148;187m[38;2;84;122;145m▄[48;2;88;115;130m[38;2;98;88;62m▄[48;2;124;110;90m[38;2;181;141;97m▄[48;2;198;162;121m[38;2;176;150;108m▄[48;2;224;186;145m[38;2;120;84;46m▄[48;2;145;109;67m[38;2;39;8;0m▄[48;2;87;58;30m[38;2;31;10;0m▄[48;2;38;19;3m[38;2;22;13;12m▄[48;2;32;20;13m[38;2;48;46;51m▄[48;2;21;9;3m[38;2;57;56;57m▄[48;2;4;0;0m[38;2;4;0;0m▄[48;2;0;0;0m[38;2;1;0;0m▄[38;2;0;0;0m▄[48;2;4;0;0m[38;2;7;0;0m▄[48;2;15;15;0m[38;2;25;22;12m▄[48;2;58;84;90m[38;2;84;102;124m▄[48;2;110;159;200m[38;2;106;152;205m▄[48;2;100;163;206m[38;2;99;160;208m▄[48;2;103;163;208m[38;2;102;163;205m▄[48;2;104;162;211m[38;2;104;162;210m▄[48;2;104;162;213m[38;2;102;163;207m▄[48;2;103;163;214m[38;2;103;164;212m▄[48;2;103;163;212m[38;2;104;166;211m▄[48;2;103;163;211m[38;2;104;166;210m▄[48;2;106;164;212m[38;2;108;165;210m▄[38;2;106;166;208m▄[48;2;106;164;210m[38;2;106;164;205m▄[48;2;104;164;206m[38;2;105;163;201m▄[48;2;105;164;202m[38;2;106;164;199m▄[48;2;105;163;201m[38;2;108;165;198m▄[48;2;112;164;202m[38;2;115;166;196m▄[38;2;112;163;193m▄[48;2;104;158;200m[38;2;104;158;189m▄[48;2;99;157;201m[38;2;105;159;194m▄[48;2;99;156;199m[38;2;106;160;193m▄[48;2;99;156;198m[38;2;106;160;192m▄[48;2;99;153;193m[38;2;111;163;192m▄[48;2;99;151;194m[38;2;114;162;195m▄[48;2;99;150;198m[38;2;111;164;196m▄[48;2;93;147;198m[38;2;104;157;193m▄[48;2;93;148;199m[38;2;100;153;189m▄[48;2;92;152;198m[38;2;96;151;183m▄[48;2;92;152;194m[38;2;97;151;180m▄[48;2;115;153;188m[38;2;147;181;205m▄[48;2;90;132;158m[38;2;111;146;175m▄[48;2;64;106;133m[38;2;67;105;132m▄[48;2;62;99;123m[38;2;70;105;115m▄[48;2;105;130;144m[38;2;133;157;153m▄[48;2;141;159;153m[38;2;126;144;138m▄[48;2;94;117;127m[38;2;98;127;130m▄[48;2;48;90;122m[38;2;61;105;112m▄[48;2;37;85;120m[38;2;49;86;110m▄[48;2;37;82;111m[38;2;44;76;124m▄[48;2;34;88;117m[38;2;31;82;129m▄[48;2;37;81;98m[38;2;46;90;99m▄[48;2;142;159;147m[38;2;158;166;141m▄[48;2;184;186;157m[38;2;160;166;138m▄[48;2;121;129;105m[38;2;103;118;105m▄[48;2;88;116;108m[38;2;69;108;114m▄[48;2;33;79;86m[38;2;22;78;99m▄[48;2;12;66;92m[38;2;9;67;99m▄[48;2;12;67;102m[38;2;10;62;103m▄[48;2;22;76;103m[38;2;6;63;99m▄[48;2;19;73;98m[38;2;10;68;99m▄[48;2;19;73;102m[38;2;12;69;102m▄[48;2;12;66;100m[38;2;9;67;105m▄[0m
[48;2;86;146;199m[38;2;82;142;195m▄[48;2;85;145;198m[38;2;85;145;198m▄[48;2;84;144;196m[38;2;84;144;196m▄[38;2;82;142;195m▄[48;2;84;144;199m[38;2;85;145;198m▄[48;2;85;145;198m▄[48;2;88;148;200m[38;2;90;145;198m▄[48;2;88;148;201m[38;2;87;147;200m▄[48;2;87;148;202m[38;2;87;147;199m▄[48;2;88;148;196m[38;2;86;146;195m▄[48;2;88;148;193m[38;2;86;146;192m▄[48;2;87;148;196m[38;2;81;146;194m▄[48;2;82;147;198m[38;2;88;145;190m▄[48;2;99;147;186m[38;2;84;109;126m▄[48;2;84;97;99m[38;2;74;67;54m▄[48;2;145;103;70m[38;2;178;134;106m▄[48;2;178;129;88m[38;2;98;54;22m▄[48;2;75;46;14m[38;2;58;31;4m▄[48;2;31;0;0m[38;2;31;7;0m▄[48;2;15;0;0m[38;2;21;4;0m▄[48;2;16;7;0m[38;2;31;37;45m▄[48;2;63;75;90m[38;2;99;130;157m▄[48;2;104;133;163m[38;2;105;145;163m▄[48;2;114;134;150m[38;2;164;182;174m▄[48;2;74;68;55m[38;2;170;147;126m▄[48;2;12;0;0m[38;2;51;21;6m▄[48;2;4;0;0m[38;2;9;0;0m▄[48;2;9;0;0m[38;2;4;7;0m▄[48;2;32;37;39m[38;2;48;69;76m▄[48;2;94;117;150m[38;2;96;135;172m▄[48;2;100;146;202m[38;2;90;147;204m▄[48;2;94;154;210m[38;2;87;152;208m▄[48;2;94;156;204m[38;2;88;153;204m▄[48;2;97;157;205m[38;2;90;153;201m▄[48;2;96;157;201m[38;2;92;153;201m▄[48;2;100;162;206m[38;2;96;157;202m▄[48;2;104;165;211m[38;2;102;159;205m▄[48;2;109;169;214m[38;2;106;164;210m▄[48;2;111;168;210m[38;2;108;160;205m▄[48;2;112;168;202m[38;2;112;166;201m▄[48;2;115;169;194m[38;2;127;181;204m▄[48;2;126;178;198m[38;2;142;195;214m▄[48;2;127;177;199m[38;2;112;164;186m▄[48;2;115;165;190m[38;2;105;156;186m▄[48;2;112;165;198m[38;2;97;152;188m▄[48;2;110;163;196m[38;2;92;150;186m▄[48;2;114;164;196m[38;2;102;151;186m▄[48;2;121;169;195m[38;2;104;150;178m▄[48;2;112;163;189m[38;2;98;146;170m▄[48;2;108;162;184m[38;2;92;146;169m▄[48;2;100;154;183m[38;2;90;145;174m▄[48;2;104;160;199m[38;2;93;148;183m▄[48;2;99;158;193m[38;2;90;147;180m▄[48;2;91;150;183m[38;2;94;154;183m▄[48;2;88;144;178m[38;2;98;152;183m▄[48;2;90;140;170m[38;2;105;151;175m▄[48;2;115;162;182m[38;2;141;181;194m▄[48;2;160;200;213m[38;2;87;129;144m▄[48;2;80;122;157m[38;2;63;109;147m▄[48;2;57;97;135m[38;2;54;98;141m▄[48;2;128;158;170m[38;2;171;201;217m▄[48;2;130;158;153m[38;2;97;123;128m▄[48;2;88;117;133m[38;2;60;98;124m▄[48;2;60;96;124m[38;2;43;85;128m▄[48;2;56;93;112m[38;2;48;82;111m▄[48;2;46;87;114m[38;2;43;91;117m▄[48;2;33;85;132m[38;2;32;90;130m▄[48;2;39;79;116m[38;2;54;88;116m▄[48;2;98;112;112m[38;2;156;157;152m▄[48;2;141;144;118m[38;2;195;198;178m▄[48;2;112;124;105m[38;2;129;148;145m▄[48;2;44;75;76m[38;2;51;88;105m▄[48;2;31;81;98m[38;2;18;73;100m▄[48;2;19;74;99m[38;2;16;72;103m▄[48;2;12;67;99m[38;2;10;66;100m▄[48;2;8;62;98m[38;2;7;62;97m▄[48;2;7;63;102m[38;2;7;61;100m▄[48;2;9;64;100m[38;2;10;64;104m▄[48;2;7;63;102m[38;2;12;66;105m▄[48;2;10;64;104m[38;2;10;64;104m▄[0m
[48;2;85;145;198m[38;2;85;142;196m▄▄[48;2;84;144;196m▄[38;2;84;141;195m▄[48;2;82;142;195m[38;2;81;139;193m▄[48;2;84;144;196m[38;2;84;141;195m▄[48;2;88;142;194m[38;2;87;141;196m▄[48;2;91;142;196m[38;2;90;141;196m▄[48;2;85;145;198m[38;2;87;142;196m▄[48;2;84;145;196m[38;2;84;145;200m▄[48;2;82;144;195m[38;2;81;145;195m▄[48;2;85;146;194m[38;2;91;140;182m▄[48;2;98;141;177m[38;2;98;123;146m▄[48;2;128;123;121m[38;2;111;91;76m▄[48;2;133;104;74m[38;2;138;102;73m▄[48;2;106;74;51m[38;2;37;18;0m▄[48;2;57;30;6m[38;2;34;18;0m▄[48;2;82;60;32m[38;2;115;88;60m▄[48;2;40;21;12m[38;2;64;44;22m▄[48;2;36;25;6m[38;2;31;25;1m▄[48;2;58;75;94m[38;2;43;62;67m▄[48;2;112;151;175m[38;2;141;163;172m▄[48;2;190;217;204m[38;2;130;121;103m▄[48;2;186;176;142m[38;2;48;15;0m▄[48;2;85;48;25m[38;2;31;8;0m▄[48;2;25;0;0m[38;2;32;32;43m▄[48;2;6;0;0m[38;2;42;60;80m▄[48;2;10;26;24m[38;2;79;115;144m▄[48;2;80;121;142m[38;2;94;151;190m▄[48;2;92;150;192m[38;2;86;150;204m▄[48;2;85;152;205m[38;2;87;152;202m▄[48;2;84;151;205m[38;2;88;152;202m▄[48;2;88;153;205m[38;2;87;152;206m▄[48;2;92;153;207m[38;2;92;153;207m▄[48;2;93;153;206m[38;2;93;153;208m▄[48;2;93;154;205m[38;2;94;154;207m▄[48;2;94;154;204m[38;2;96;153;207m▄[48;2;98;156;205m[38;2;97;154;208m▄[48;2;104;156;204m[38;2;102;153;205m▄[48;2;109;163;202m[38;2;100;153;200m▄[48;2;108;163;195m[38;2;94;152;194m▄[48;2;103;160;188m[38;2;94;153;194m▄[48;2;96;153;186m[38;2;92;153;198m▄[48;2;94;151;190m[38;2;91;152;202m▄[48;2;87;147;192m[38;2;88;152;200m▄[48;2;90;150;192m[38;2;94;156;200m▄[48;2;98;150;188m[38;2;97;153;193m▄[48;2;102;147;182m[38;2;100;153;189m▄[48;2;135;181;210m[38;2;106;152;184m▄[48;2;140;190;216m[38;2;98;148;174m▄[48;2;114;168;190m[38;2;103;153;176m▄[48;2;103;154;181m[38;2;108;153;178m▄[48;2;98;152;177m[38;2;110;158;184m▄[48;2;104;156;181m[38;2;115;160;186m▄[48;2;117;165;186m[38;2;123;163;178m▄[48;2;117;154;174m[38;2;121;153;163m▄[48;2;151;181;196m[38;2;160;184;201m▄[48;2;80;121;144m[38;2;69;105;138m▄[48;2;67;114;159m[38;2;60;106;152m▄[48;2;50;97;142m[38;2;51;99;140m▄[48;2;118;152;176m[38;2;122;163;182m▄[48;2;75;105;117m[38;2;99;134;148m▄[48;2;48;88;121m[38;2;52;96;132m▄[48;2;40;87;133m[38;2;40;91;135m▄[48;2;45;87;117m[38;2;42;87;120m▄[48;2;40;88;120m[38;2;38;87;122m▄[48;2;31;86;121m[38;2;32;84;112m▄[48;2;90;115;132m[38;2;145;164;169m▄[48;2;228;222;210m[38;2;205;199;186m▄[48;2;181;183;171m[38;2;102;110;110m▄[48;2;70;97;110m[38;2;60;96;127m▄[48;2;30;74;105m[38;2;26;79;123m▄[48;2;15;73;114m[38;2;20;80;133m▄[48;2;13;72;110m[38;2;20;76;120m▄[48;2;8;62;100m[38;2;7;61;100m▄[48;2;9;63;103m[38;2;4;61;100m▄[48;2;7;61;100m[38;2;6;60;99m▄[48;2;8;62;102m[38;2;8;62;102m▄[48;2;12;66;105m[38;2;8;66;104m▄[48;2;6;63;102m[38;2;4;63;102m▄[0m
[48;2;85;142;196m[38;2;84;141;195m▄[48;2;84;141;195m[38;2;82;140;194m▄[38;2;85;142;196m▄▄▄[48;2;85;142;196m[38;2;85;145;198m▄[48;2;84;141;199m[38;2;81;145;200m▄[48;2;86;141;195m[38;2;84;144;196m▄[48;2;87;141;195m[38;2;86;140;190m▄[48;2;84;144;199m[38;2;85;142;194m▄[48;2;86;141;189m[38;2;90;139;177m▄[48;2;98;133;164m[38;2;106;122;134m▄[48;2;117;126;130m[38;2;118;109;94m▄[48;2;144;123;105m[38;2;108;88;73m▄[48;2;74;45;22m[38;2;45;26;14m▄[48;2;26;15;0m[38;2;21;12;0m▄[48;2;16;6;0m[38;2;13;7;0m▄[48;2;97;69;43m[38;2;79;63;46m▄[48;2;86;57;28m[38;2;90;63;30m▄[48;2;27;19;0m[38;2;21;7;0m▄[48;2;27;37;24m[38;2;16;13;0m▄[48;2;141;138;128m[38;2;64;51;36m▄[48;2;56;21;10m[38;2;40;4;0m▄[48;2;34;0;0m[38;2;26;0;0m▄[48;2;28;32;22m[38;2;33;46;43m▄[48;2;86;121;150m[38;2;86;134;171m▄[48;2;108;151;199m[38;2;90;147;205m▄[48;2;97;152;200m[38;2;87;148;202m▄[48;2;91;152;207m[38;2;88;150;205m▄[48;2;90;152;210m[38;2;93;148;208m▄[48;2;94;152;204m[38;2;98;153;206m▄[48;2;94;152;198m[38;2;97;154;202m▄[48;2;88;153;207m[38;2;91;154;208m▄[48;2;92;153;207m[38;2;94;154;210m▄[48;2;93;153;208m[38;2;96;156;211m▄[48;2;96;156;208m[38;2;98;158;211m▄[48;2;97;154;208m[38;2;98;158;210m▄[48;2;98;156;210m[38;2;100;158;210m▄[48;2;99;153;208m[38;2;94;152;206m▄[48;2;96;151;204m[38;2;97;154;206m▄[48;2;93;151;196m[38;2;97;154;202m▄[48;2;93;154;199m[38;2;96;156;201m▄[48;2;91;152;202m[38;2;91;152;200m▄[48;2;86;151;202m[38;2;88;150;200m▄[48;2;86;150;200m[38;2;88;150;195m▄[48;2;93;153;199m[38;2;97;154;199m▄[48;2;97;154;196m[38;2;96;152;198m▄[48;2;100;152;193m[38;2;97;148;193m▄[48;2;99;148;186m[38;2;97;148;192m▄[48;2;98;148;178m[38;2;100;150;188m▄[48;2;108;156;182m[38;2;108;158;190m▄[48;2;112;157;184m[38;2;108;153;189m▄[48;2;115;159;192m[38;2;100;144;192m▄[48;2;114;158;187m[38;2;93;138;176m▄[48;2;115;153;165m[38;2;105;145;158m▄[48;2;122;151;157m[38;2;142;171;177m▄[48;2;159;180;199m[38;2;146;166;186m▄[48;2;63;102;140m[38;2;66;104;145m▄[48;2;57;106;147m[38;2;55;108;141m▄[48;2;49;100;130m[38;2;54;104;123m▄[48;2;123;162;175m[38;2;124;159;162m▄[48;2;98;132;142m[38;2;117;146;150m▄[48;2;58;99;132m[38;2;78;112;132m▄[48;2;42;91;129m[38;2;55;97;126m▄[48;2;45;90;124m[38;2;49;91;123m▄[48;2;38;86;123m[38;2;40;86;124m▄[48;2;42;86;111m[38;2;52;91;115m▄[48;2;172;186;184m[38;2;175;184;178m▄[48;2;178;175;165m[38;2;166;168;166m▄[48;2;85;100;116m[38;2;84;111;138m▄[48;2;57;103;141m[38;2;40;90;127m▄[48;2;31;88;136m[38;2;31;88;136m▄[48;2;27;85;141m[38;2;33;91;140m▄[48;2;25;78;124m[38;2;22;74;118m▄[48;2;9;61;104m[38;2;10;64;104m▄[48;2;2;61;99m[38;2;0;61;99m▄[48;2;2;58;98m[38;2;1;60;98m▄[48;2;4;61;100m[38;2;4;63;102m▄[48;2;7;66;104m[38;2;9;68;106m▄[48;2;4;63;102m[38;2;1;62;100m▄[0m
[48;2;82;140;194m[38;2;86;140;194m▄[48;2;86;144;195m[38;2;86;144;192m▄[48;2;84;144;195m[38;2;84;145;190m▄[48;2;85;142;196m[38;2;84;145;195m▄[38;2;87;142;196m▄[48;2;85;142;199m[38;2;90;141;195m▄[48;2;80;144;202m[38;2;88;140;199m▄[48;2;84;144;196m[38;2;88;146;194m▄[48;2;84;140;186m[38;2;84;141;170m▄[48;2;85;141;184m[38;2;102;138;165m▄[48;2;97;138;166m[38;2;104;111;129m▄[48;2;145;146;145m[38;2;172;163;148m▄[48;2;135;112;85m[38;2;69;61;28m▄[48;2;69;49;33m[38;2;39;30;10m▄[48;2;32;15;9m[38;2;25;6;0m▄[48;2;20;10;0m[38;2;10;10;0m▄[48;2;16;16;0m[38;2;31;60;61m▄[48;2;72;75;72m[38;2;94;123;135m▄[48;2;103;88;61m[38;2;141;147;142m▄[48;2;22;3;0m[38;2;33;36;18m▄[48;2;12;2;0m[38;2;31;42;38m▄[48;2;20;10;1m[38;2;2;6;2m▄[48;2;27;10;0m[38;2;21;10;0m▄[48;2;33;18;6m[38;2;38;20;0m▄[48;2;52;56;56m[38;2;38;38;36m▄[48;2;88;132;168m[38;2;84;123;160m▄[48;2;85;148;196m[38;2;88;148;196m▄[48;2;87;147;193m[38;2;90;147;193m▄[48;2;88;148;198m[38;2;88;148;198m▄[48;2;90;150;202m[38;2;86;150;201m▄[48;2;90;153;205m[38;2;84;148;200m▄[48;2;91;156;206m[38;2;87;152;204m▄[48;2;91;156;207m[38;2;93;153;206m▄[48;2;97;157;210m[38;2;98;158;211m▄[48;2;99;159;212m[38;2;103;163;216m▄[48;2;102;163;213m[38;2;106;166;216m▄[48;2;100;160;210m[38;2;106;164;213m▄[48;2;100;158;207m[38;2;103;160;210m▄[48;2;97;154;208m[38;2;104;156;210m▄[48;2;98;156;210m[38;2;99;157;206m▄[48;2;99;157;205m[38;2;96;156;204m▄[48;2;100;158;204m[38;2;97;157;202m▄[48;2;96;156;201m[38;2;103;160;206m▄[48;2;96;153;201m[38;2;105;162;207m▄[48;2;96;153;198m[38;2;104;159;207m▄[48;2;98;154;196m[38;2;99;157;202m▄[48;2;93;146;193m[38;2;93;147;189m▄[48;2;94;147;194m[38;2;92;146;186m▄[48;2;97;150;194m[38;2;94;146;187m▄[48;2;97;151;190m[38;2;92;144;188m▄[48;2;93;145;183m[38;2;88;141;186m▄[48;2;93;141;187m[38;2;86;142;186m▄[48;2;93;139;195m[38;2;98;145;184m▄[48;2;94;141;183m[38;2;118;153;181m▄[48;2;111;151;166m[38;2;133;156;166m▄[48;2;153;184;192m[38;2;171;194;201m▄[48;2;129;154;175m[38;2;102;130;150m▄[48;2;60;102;145m[38;2;60;108;152m▄[48;2;56;108;134m[38;2;74;116;139m▄[48;2;80;128;138m[38;2;112;144;144m▄[48;2;121;154;150m[38;2;84;115;112m▄[48;2;106;130;130m[38;2;70;110;120m▄[48;2;81;115;126m[38;2;58;97;123m▄[48;2;60;97;121m[38;2;52;91;120m▄[48;2;52;87;122m[38;2;46;86;127m▄[48;2;42;85;124m[38;2;43;81;130m▄[48;2;67;100;124m[38;2;86;114;136m▄[48;2;159;169;165m[38;2;163;176;175m▄[48;2;111;118;127m[38;2;68;93;112m▄[48;2;43;78;114m[38;2;24;72;117m▄[48;2;39;92;124m[38;2;32;85;117m▄[48;2;32;88;130m[38;2;25;79;117m▄[48;2;30;86;129m[38;2;20;74;116m▄[48;2;22;74;117m[38;2;18;70;115m▄[48;2;12;66;105m[38;2;8;67;108m▄[48;2;2;61;102m[38;2;2;63;102m▄[48;2;2;61;99m[38;2;0;63;99m▄[48;2;7;66;104m[38;2;1;64;100m▄[48;2;12;70;109m[38;2;8;72;108m▄[48;2;0;60;97m[38;2;0;63;99m▄[0m
[48;2;85;142;192m[38;2;82;142;192m▄[48;2;84;144;188m[38;2;84;144;188m▄[48;2;84;145;187m[38;2;86;144;188m▄[48;2;84;144;195m[38;2;86;141;198m▄[48;2;87;142;199m[38;2;85;142;199m▄[48;2;90;141;193m[38;2;84;145;195m▄[48;2;91;139;196m[38;2;84;144;189m▄[48;2;84;144;192m[38;2;85;141;187m▄[48;2;90;144;175m[38;2;91;133;162m▄[48;2;92;116;130m[38;2;100;106;104m▄[48;2;147;133;133m[38;2;130;108;80m▄[48;2;104;86;66m[38;2;72;52;24m▄[48;2;54;50;22m[38;2;30;15;0m▄[48;2;26;16;0m[38;2;24;16;0m▄[48;2;15;9;0m[38;2;10;30;16m▄[48;2;9;31;33m[38;2;70;118;132m▄[48;2;74;124;146m[38;2;82;142;187m▄[48;2;90;140;169m[38;2;80;141;192m▄[48;2;98;127;146m[38;2;86;144;180m▄[48;2;69;92;92m[38;2;79;123;152m▄[48;2;62;87;99m[38;2;90;129;166m▄[48;2;19;34;43m[38;2;90;118;144m▄[48;2;15;9;0m[38;2;19;28;25m▄[48;2;27;18;0m[38;2;14;18;0m▄[48;2;22;28;19m[38;2;16;32;20m▄[48;2;82;124;154m[38;2;68;112;144m▄[48;2;88;146;195m[38;2;88;150;195m▄[48;2;87;147;195m[38;2;84;145;195m▄[48;2;87;147;196m[38;2;87;147;200m▄[48;2;87;147;200m[38;2;90;150;202m▄[48;2;85;150;201m[38;2;88;148;201m▄[48;2;87;152;204m[38;2;87;151;202m▄[48;2;90;150;202m[38;2;90;150;202m▄[48;2;94;154;207m[38;2;91;151;204m▄[48;2;99;159;212m[38;2;93;153;206m▄[48;2;106;164;213m[38;2;100;158;212m▄[48;2;108;165;214m[38;2;109;166;216m▄[48;2;106;164;213m[38;2;114;171;220m▄[48;2;102;159;208m[38;2;102;159;205m▄[48;2;98;156;201m[38;2;94;152;198m▄[38;2;93;153;195m▄[48;2;99;157;202m[38;2;103;157;199m▄[48;2;108;162;204m[38;2;104;152;196m▄[48;2;109;160;205m[38;2;108;151;198m▄[48;2;106;160;211m[38;2;100;148;194m▄[48;2;96;153;205m[38;2;91;142;189m▄[48;2;88;146;194m[38;2;90;140;192m▄[48;2;91;148;190m[38;2;87;142;190m▄[48;2;92;148;188m[38;2;94;152;193m▄[48;2;94;151;189m[38;2;98;157;188m▄[48;2;100;152;190m[38;2;94;146;169m▄[48;2;109;157;190m[38;2;109;146;166m▄[48;2;124;165;184m[38;2;148;184;188m▄[48;2;141;168;170m[38;2;188;214;201m▄[48;2;166;180;178m[38;2;151;166;157m▄[48;2;184;200;216m[38;2;159;170;193m▄[48;2;91;116;151m[38;2;102;118;166m▄[48;2;64;111;151m[38;2;72;108;136m▄[48;2;109;141;160m[38;2;117;151;165m▄[48;2;123;150;152m[38;2;87;116;128m▄[48;2;69;105;108m[38;2;62;97;116m▄[48;2;52;96;117m[38;2;55;97;126m▄[48;2;54;96;126m[38;2;46;94;123m▄[48;2;50;91;123m[38;2;45;90;128m▄[48;2;44;88;130m[38;2;37;84;128m▄[48;2;42;79;127m[38;2;50;85;120m▄[48;2;73;98;114m[38;2;115;136;140m▄[48;2;140;159;156m[38;2;153;172;166m▄[48;2;62;96;121m[38;2;60;97;121m▄[48;2;19;69;118m[38;2;28;80;130m▄[48;2;22;75;111m[38;2;19;73;109m▄[48;2;15;69;109m[38;2;14;69;104m▄[48;2;18;72;114m[38;2;15;69;108m▄[48;2;16;70;112m[38;2;14;70;109m▄[48;2;9;68;106m[38;2;14;69;105m▄[48;2;4;63;102m[38;2;9;68;103m▄[48;2;0;61;98m[38;2;2;60;98m▄[48;2;3;62;100m[38;2;1;60;98m▄[48;2;9;73;109m[38;2;8;67;105m▄[48;2;15;79;115m[38;2;9;73;109m▄[0m
[48;2;79;144;192m[38;2;84;145;193m▄[48;2;82;144;188m[38;2;84;144;189m▄[48;2;87;141;192m[38;2;85;140;190m▄[48;2;88;140;198m[38;2;85;139;194m▄[48;2;82;140;198m[38;2;82;140;194m▄[48;2;79;144;190m[38;2;80;141;183m▄[48;2;78;145;189m[38;2;80;142;176m▄[48;2;96;141;177m[38;2;105;133;153m▄[48;2;118;130;144m[38;2;120;106;100m▄[48;2;144;136;118m[38;2;106;91;67m▄[48;2;75;66;32m[38;2;36;40;14m▄[48;2;37;24;0m[38;2;18;14;0m▄[48;2;32;15;3m[38;2;32;22;22m▄[48;2;28;30;32m[38;2;63;85;111m▄[48;2;58;98;110m[38;2;87;142;175m▄[48;2;86;150;186m[38;2;80;144;195m▄[48;2;82;140;201m[38;2;90;139;202m▄[48;2;82;141;201m[38;2;91;139;196m▄[48;2;79;146;190m[38;2;84;145;189m▄[48;2;86;145;186m[38;2;80;147;192m▄[48;2;90;142;190m[38;2;84;145;195m▄[48;2;96;139;177m[38;2;87;139;186m▄[48;2;50;76;90m[38;2;78;122;153m▄[48;2;34;56;54m[38;2;56;93;116m▄[48;2;18;46;50m[38;2;57;96;124m▄[48;2;82;132;166m[38;2;90;142;187m▄[48;2;90;150;199m[38;2;87;147;200m▄[48;2;85;145;198m[38;2;88;148;201m▄[48;2;87;147;200m[38;2;87;147;200m▄▄[48;2;87;147;202m[38;2;87;147;202m▄[48;2;88;148;204m▄▄[48;2;87;147;200m▄[48;2;90;150;202m[38;2;88;148;204m▄[48;2;96;153;207m[38;2;91;148;202m▄[48;2;106;164;216m[38;2;104;162;216m▄[48;2;111;169;218m[38;2;106;164;218m▄[48;2;99;159;201m[38;2;100;160;205m▄[48;2;94;153;194m[38;2;97;157;199m▄[38;2;97;156;196m▄[48;2;97;153;195m[38;2;98;154;196m▄[48;2;102;150;192m[38;2;104;152;196m▄[48;2;106;146;188m[38;2;111;153;198m▄[48;2;110;156;184m[38;2;133;176;198m▄[48;2;114;164;193m[38;2;127;174;187m▄[48;2;110;157;196m[38;2;120;160;193m▄[48;2;104;152;198m[38;2;112;152;196m▄[48;2;102;150;192m[38;2;110;148;189m▄[48;2;99;151;176m[38;2;112;154;183m▄[48;2;104;151;168m[38;2;120;158;178m▄[48;2;118;153;170m[38;2;97;135;156m▄[48;2;114;150;159m[38;2;90;132;160m▄[48;2;115;144;147m[38;2;75;116;148m▄[48;2;115;134;138m[38;2;115;144;165m▄[48;2;158;175;192m[38;2;146;169;178m▄[48;2;98;117;150m[38;2;116;141;145m▄[48;2;138;168;180m[38;2;207;230;232m▄[48;2;148;177;193m[38;2;94;124;142m▄[48;2;69;100;126m[38;2;62;98;133m▄[48;2;74;110;142m[38;2;58;97;138m▄[48;2;56;98;130m[38;2;55;94;132m▄[48;2;48;98;124m[38;2;55;100;132m▄[48;2;42;91;128m[38;2;44;93;130m▄[48;2;37;84;123m[38;2;43;84;117m▄[48;2;61;93;112m[38;2;84;110;118m▄[48;2;169;189;183m[38;2;212;230;224m▄[48;2;199;219;213m[38;2;147;172;176m▄[48;2;72;110;139m[38;2;70;116;151m▄[48;2;37;88;140m[38;2;49;104;157m▄[48;2;21;76;111m[38;2;24;81;117m▄[48;2;16;72;106m[38;2;14;69;104m▄[48;2;15;70;105m[38;2;13;68;103m▄[38;2;14;69;104m▄[48;2;14;69;104m[38;2;13;68;103m▄[48;2;10;66;100m[38;2;9;64;99m▄[48;2;6;60;99m[38;2;7;58;99m▄[48;2;4;61;100m[38;2;7;61;100m▄[48;2;14;73;111m[38;2;9;67;105m▄[48;2;12;73;110m[38;2;10;68;106m▄[0m
[48;2;88;142;193m[38;2;91;141;193m▄[48;2;85;142;188m[38;2;85;142;188m▄[48;2;81;142;188m[38;2;79;145;184m▄[48;2;82;142;192m[38;2;80;141;186m▄[48;2;87;140;187m[38;2;87;136;174m▄[48;2;91;139;172m[38;2;93;126;151m▄[48;2;93;130;150m[38;2;127;135;136m▄[48;2;129;139;136m[38;2;106;104;91m▄[48;2;106;90;70m[38;2;52;52;30m▄[48;2;52;43;14m[38;2;22;21;0m▄[48;2;14;24;9m[38;2;16;24;14m▄[48;2;4;19;19m[38;2;54;84;96m▄[48;2;60;79;97m[38;2;88;139;169m▄[48;2;92;136;176m[38;2;87;147;192m▄[48;2;86;146;194m[38;2;90;145;198m▄[48;2;88;146;200m[38;2;92;146;198m▄[48;2;92;142;198m[38;2;90;145;195m▄[48;2;91;141;195m[38;2;85;146;196m▄[48;2;86;146;194m[38;2;82;147;201m▄[48;2;80;147;193m[38;2;82;147;199m▄[48;2;84;145;195m[38;2;86;144;200m▄[48;2;88;144;194m[38;2;90;144;199m▄[48;2;73;126;170m[38;2;88;146;198m▄[48;2;90;144;183m[38;2;82;147;194m▄[48;2;84;135;180m[38;2;88;148;194m▄[48;2;87;147;196m[38;2;86;147;199m▄[48;2;85;148;200m[38;2;84;148;200m▄[48;2;88;148;201m[38;2;85;148;202m▄[48;2;87;147;202m[38;2;87;147;202m▄[38;2;86;144;200m▄[48;2;87;145;202m[38;2;87;142;200m▄[48;2;87;145;201m[38;2;86;144;201m▄[48;2;86;146;201m[38;2;86;146;201m▄▄[48;2;88;148;204m[38;2;88;148;204m▄[48;2;94;150;206m[38;2;97;152;210m▄[48;2;104;162;216m[38;2;103;160;214m▄[38;2;100;158;212m▄[48;2;100;158;207m[38;2;99;153;205m▄[48;2;98;156;201m[38;2;96;153;201m▄[48;2;94;152;196m[38;2;87;147;193m▄[48;2;94;151;194m[38;2;85;146;190m▄[48;2;96;147;190m[38;2;85;141;187m▄[48;2;96;144;186m[38;2;91;142;189m▄[48;2;98;144;175m[38;2;91;142;190m▄[48;2;100;146;174m[38;2;94;146;196m▄[48;2;108;151;187m[38;2;100;148;196m▄[48;2;115;153;194m[38;2;103;150;192m▄[48;2;115;153;188m[38;2;112;153;186m▄[48;2;115;151;180m[38;2;112;153;176m▄[48;2;135;174;196m[38;2;134;175;198m▄[48;2;81;126;157m[38;2;76;120;156m▄[48;2;67;118;159m[38;2;64;117;151m▄[48;2;62;108;146m[38;2;58;110;133m▄[48;2;123;157;181m[38;2;158;192;202m▄[48;2;176;198;201m[38;2;183;195;199m▄[48;2;166;184;176m[38;2;189;193;195m▄[48;2;210;228;228m[38;2;208;222;225m▄[48;2;90;122;141m[38;2;97;129;152m▄[48;2;62;105;144m[38;2;63;111;150m▄[48;2;54;93;134m[38;2;55;99;135m▄[48;2;55;96;129m[38;2;62;97;129m▄[48;2;55;97;132m[38;2;56;94;128m▄[48;2;44;93;128m[38;2;46;91;122m▄[48;2;48;84;111m[38;2;60;93;108m▄[48;2;105;124;128m[38;2;146;159;159m▄[48;2;190;202;205m[38;2;160;170;177m▄[48;2;97;124;144m[38;2;104;135;165m▄[48;2;45;97;140m[38;2;51;109;153m▄[48;2;34;98;148m[38;2;36;103;152m▄[48;2;26;85;126m[38;2;33;93;139m▄[48;2;12;69;108m[38;2;13;72;112m▄[48;2;10;66;100m[38;2;10;66;100m▄[48;2;12;67;102m[38;2;12;67;103m▄[38;2;13;67;105m▄[48;2;8;62;98m[38;2;8;60;103m▄[48;2;12;61;103m[38;2;12;61;102m▄[48;2;8;60;100m[38;2;10;62;103m▄[48;2;10;62;103m[38;2;16;68;109m▄[48;2;14;72;110m[38;2;21;80;118m▄[0m
[48;2;88;139;190m[38;2;87;141;193m▄[48;2;81;142;193m[38;2;82;142;195m▄[48;2;76;142;182m[38;2;82;144;184m▄[48;2;88;135;181m[38;2;99;138;183m▄[48;2;98;127;153m[38;2;144;160;180m▄[48;2;126;139;139m[38;2;97;103;86m▄[48;2;102;98;85m[38;2;46;42;21m▄[48;2;51;42;22m[38;2;21;12;0m▄[48;2;16;16;0m[38;2;16;16;1m▄[48;2;8;22;13m[38;2;61;82;80m▄[48;2;54;84;98m[38;2;91;135;163m▄[48;2;90;140;170m[38;2;87;144;186m▄[48;2;86;146;190m[38;2;88;148;196m▄[48;2;86;147;193m[38;2;90;147;196m▄[48;2;90;147;196m[38;2;91;148;198m▄[48;2;92;147;198m[38;2;92;150;199m▄[48;2;88;148;196m[38;2;91;148;198m▄[48;2;87;147;196m▄[48;2;87;147;200m[38;2;90;147;199m▄[48;2;87;147;202m[38;2;87;147;202m▄▄[48;2;87;145;201m[38;2;86;146;201m▄[48;2;86;144;200m[38;2;85;145;200m▄[48;2;84;144;196m▄[48;2;86;146;199m▄[38;2;82;142;198m▄[48;2;86;147;201m[38;2;84;144;199m▄[48;2;87;148;202m[38;2;85;145;200m▄[48;2;86;146;201m▄[48;2;85;145;200m[38;2;86;146;201m▄[48;2;84;144;199m[38;2;84;144;199m▄[48;2;85;145;202m[38;2;86;146;201m▄[48;2;85;145;200m[38;2;85;145;198m▄▄[48;2;86;146;199m[38;2;88;148;201m▄[48;2;100;156;210m[38;2;104;162;213m▄[48;2;104;162;213m[38;2;104;162;211m▄[48;2;102;159;208m[38;2;102;159;208m▄[48;2;98;153;201m[38;2;94;152;198m▄[48;2;91;148;196m[38;2;90;147;193m▄[48;2;86;144;189m[38;2;94;152;198m▄[48;2;90;146;189m[38;2;102;158;204m▄[48;2;92;148;194m[38;2;104;157;204m▄[48;2;99;152;199m▄[48;2;98;154;200m[38;2;102;159;201m▄[48;2;99;152;199m[38;2;105;159;199m▄[48;2;104;154;199m[38;2;114;165;206m▄[48;2;120;164;206m[38;2;118;163;202m▄[48;2;123;164;196m[38;2;106;142;175m▄[48;2;134;171;194m[38;2;175;208;234m▄[48;2;118;157;181m[38;2;109;145;172m▄[48;2;69;114;156m[38;2;67;115;159m▄[48;2;60;114;153m[38;2;60;114;156m▄[48;2;54;104;129m[38;2;54;102;130m▄[48;2;187;212;218m[38;2;170;193;196m▄[48;2;178;184;184m[38;2;193;196;193m▄[48;2;184;186;188m[38;2;207;211;210m▄[48;2;207;217;213m[38;2;235;244;237m▄[48;2;87;122;136m[38;2;97;132;148m▄[48;2;58;110;148m[38;2;60;111;150m▄[48;2;51;98;138m[38;2;46;91;127m▄[48;2;63;94;117m[38;2;102;128;138m▄[48;2;66;92;100m[38;2;135;152;136m▄[48;2;63;91;85m[38;2;174;189;156m▄[48;2;118;132;114m[38;2;229;232;194m▄[48;2;218;220;206m[38;2;232;231;206m▄[48;2;148;164;172m[38;2;139;156;162m▄[48;2;78;116;153m[38;2;66;111;146m▄[48;2;50;108;157m[38;2;42;105;156m▄[48;2;49;110;164m[38;2;46;110;164m▄[48;2;37;97;150m[38;2;27;87;142m▄[48;2;13;74;116m[38;2;13;74;116m▄[48;2;7;64;99m[38;2;12;70;105m▄[48;2;9;67;105m[38;2;9;68;106m▄[48;2;16;70;112m[38;2;14;68;110m▄[48;2;9;61;104m[38;2;10;62;103m▄[48;2;9;63;103m[38;2;8;64;106m▄[48;2;7;64;105m[38;2;8;67;108m▄[48;2;18;75;116m[38;2;22;81;122m▄[48;2;26;86;128m[38;2;34;92;138m▄[0m
